1,3.493,3.493
2,3.493,3.493
3,3.493,3.493
4,3.493,3.493
5,3.493,3.493
6,3.493,3.493
7,3.493,3.493
8,3.493,3.493
9,3.493,3.493
10,3.493,3.493
11,3.493,3.493
12,3.493,3.493
13,3.493,3.493
14,3.493,3.493
15,3.493,3.493
16,3.493,3.493
17,3.493,3.493
18,3.493,3.493
19,3.493,3.493
20,3.493,3.493
21,3.493,3.493
22,3.493,3.493
23,3.493,3.493
24,3.493,3.493
25,3.493,3.493
26,3.493,3.493
27,3.493,3.493
28,3.493,3.493
29,3.493,3.493
30,3.493,3.493
31,3.493,3.493
32,3.493,3.493
33,3.493,3.493
34,3.493,3.493
35,3.493,3.493
36,3.493,3.493
37,3.493,3.493
38,3.493,3.493
39,3.493,3.493
40,3.493,3.493
41,3.493,3.493
42,3.493,3.493
43,3.493,3.493
44,3.493,3.493
45,3.493,3.493
46,3.493,3.493
47,3.493,3.493
48,3.493,3.493
49,3.493,3.493
50,3.493,3.493
51,3.493,3.493
52,3.493,3.493
53,3.493,3.493
54,3.493,3.493
55,3.493,3.493
56,3.493,3.493
57,3.493,3.493
58,3.493,3.493
59,3.493,3.493
60,3.493,3.493
61,3.493,3.493
62,3.493,3.493
63,3.493,3.493
64,3.493,3.493
65,3.493,3.493
66,3.493,3.493
67,3.493,3.493
68,3.493,3.493
69,3.493,3.493
70,3.493,3.493
71,3.493,3.493
72,3.493,3.493
73,3.493,3.493
74,3.493,3.493
75,3.493,3.493
76,3.493,3.493
77,3.493,3.493
78,3.493,3.493
79,3.493,3.493
80,3.493,3.493
81,3.493,3.493
82,3.493,3.493
83,3.493,3.493
84,3.493,3.493
85,3.493,3.493
86,3.493,3.493
87,3.493,3.493
88,3.493,3.493
89,3.493,3.493
90,3.493,3.493
91,3.493,3.493
92,3.493,3.493
93,3.493,3.493
94,3.493,3.493
95,3.493,3.493
96,3.493,3.493
97,3.493,3.493
98,3.493,3.493
99,3.493,3.493
100,3.493,3.493
101,3.493,3.493
102,3.493,3.493
103,3.493,3.493
104,3.493,3.493
105,3.493,3.493
106,3.493,3.493
107,3.493,3.493
108,3.493,3.493
109,3.493,3.493
110,3.493,3.493
111,3.493,3.493
112,3.493,3.493
113,3.493,3.493
114,3.493,3.493
115,3.493,3.493
116,3.493,3.493
117,3.493,3.493
118,3.493,3.493
119,3.493,3.493
120,3.493,3.493
121,3.493,3.493
122,3.493,3.493
123,3.493,3.493
124,3.493,3.493
125,3.493,3.493
126,3.493,3.493
127,3.493,3.493
128,3.493,3.493
129,3.493,3.493
130,3.493,3.493
131,3.493,3.493
132,3.493,3.493
133,3.493,3.493
134,3.493,3.493
135,3.493,3.493
136,3.493,3.493
137,3.493,3.493
138,3.493,3.493
139,3.493,3.493
140,3.493,3.493
141,3.493,3.493
142,3.493,3.493
143,3.493,3.493
144,3.493,3.493
145,3.493,3.493
146,3.493,3.493
147,3.493,3.493
148,3.493,3.493
149,3.493,3.493
150,3.493,3.493
151,3.493,3.493
152,3.493,3.493
153,3.493,3.493
154,3.493,3.493
155,3.493,3.493
156,3.493,3.493
157,3.493,3.493
158,3.493,3.493
159,3.493,3.493
160,3.493,3.493
161,3.493,3.493
162,3.493,3.493
163,3.493,3.493
164,3.493,3.493
165,3.493,3.493
166,3.493,3.493
167,3.493,3.493
168,3.493,3.493
169,3.493,3.493
170,3.493,3.493
171,3.493,3.493
172,3.493,3.493
173,3.493,3.493
174,3.493,3.493
175,3.493,3.493
176,3.493,3.493
177,3.493,3.493
178,3.493,3.493
179,3.493,3.493
180,3.493,3.493
181,3.493,3.493
182,3.493,3.493
183,3.493,3.493
184,3.493,3.493
185,3.493,3.493
186,3.493,3.493
187,3.493,3.493
188,3.493,3.493
189,3.493,3.493
190,3.493,3.493
191,3.493,3.493
192,3.493,3.493
193,3.493,3.493
194,3.493,3.493
195,3.493,3.493
196,3.493,3.493
197,3.493,3.493
198,3.493,3.493
199,3.493,3.493
200,3.493,3.493
201,3.493,3.493
202,3.493,3.493
203,3.493,3.493
204,3.493,3.493
205,3.493,3.493
206,3.493,3.493
207,3.493,3.493
208,3.493,3.493
209,3.493,3.493
210,3.493,3.493
211,3.493,3.493
212,3.493,3.493
213,3.493,3.493
214,3.493,3.493
215,3.493,3.493
216,3.493,3.493
217,3.493,3.493
218,3.493,3.493
219,3.493,3.493
220,3.493,3.493
221,3.493,3.493
222,3.493,3.493
223,3.493,3.493
224,3.493,3.493
225,3.493,3.493
226,3.493,3.493
227,3.493,3.493
228,3.493,3.493
229,3.493,3.493
230,3.493,3.493
231,3.493,3.493
232,3.493,3.493
233,3.493,3.493
234,3.493,3.493
235,3.493,3.493
236,3.493,3.493
237,3.493,3.493
238,3.493,3.493
239,3.493,3.493
240,3.493,3.493
241,3.493,3.493
242,3.493,3.493
243,3.493,3.493
244,3.493,3.493
245,3.493,3.493
246,3.493,3.493
247,3.493,3.493
248,3.493,3.493
249,3.493,3.493
250,3.493,3.493
251,3.493,3.493
252,3.493,3.493
253,3.493,3.493
254,3.493,3.493
255,3.493,3.493
256,3.493,3.493
257,3.493,3.493
258,3.493,3.493
259,3.493,3.493
260,3.493,3.493
261,3.493,3.493
262,3.493,3.493
263,3.493,3.493
264,3.493,3.493
265,3.493,3.493
266,3.493,3.493
267,3.493,3.493
268,3.493,3.493
269,3.493,3.493
270,3.493,3.493
271,3.493,3.493
272,3.493,3.493
273,3.493,3.493
274,3.493,3.493
275,3.493,3.493
276,3.493,3.493
277,3.493,3.493
278,3.493,3.493
279,3.493,3.493
280,3.493,3.493
281,3.493,3.493
282,3.493,3.493
283,3.493,3.493
284,3.493,3.493
285,3.493,3.493
286,3.493,3.493
287,3.493,3.493
288,3.493,3.493
289,3.493,3.493
290,3.493,3.493
291,3.493,3.493
292,3.493,3.493
293,3.493,3.493
294,3.493,3.493
295,3.493,3.493
296,3.493,3.493
297,3.493,3.493
298,3.493,3.493
299,3.493,3.493
300,3.493,3.493
301,3.493,3.493
302,3.493,3.493
303,3.493,3.493
304,3.493,3.493
305,3.493,3.493
306,3.493,3.493
307,3.493,3.493
308,3.493,3.493
309,3.493,3.493
310,3.493,3.493
311,3.493,3.493
312,3.493,3.493
313,3.493,3.493
314,3.493,3.493
315,3.493,3.493
316,3.493,3.493
317,3.493,3.493
318,3.493,3.493
319,3.493,3.493
320,3.493,3.493
321,3.493,3.493
322,3.493,3.493
323,3.493,3.493
324,3.493,3.493
325,3.493,3.493
326,3.493,3.493
327,3.493,3.493
328,3.493,3.493
329,3.493,3.493
330,3.493,3.493
331,3.493,3.493
332,3.493,3.493
333,3.493,3.493
334,3.493,3.493
335,3.493,3.493
336,3.493,3.493
337,3.493,3.493
338,3.493,3.493
339,3.493,3.493
340,3.493,3.493
341,3.493,3.493
342,3.493,3.493
343,3.493,3.493
344,3.493,3.493
345,3.493,3.493
346,3.493,3.493
347,3.493,3.493
348,3.493,3.493
349,3.493,3.493
350,3.493,3.493
351,3.493,3.493
352,3.493,3.493
353,3.493,3.493
354,3.493,3.493
355,3.493,3.493
356,3.493,3.493
357,3.493,3.493
358,3.493,3.493
359,3.493,3.493
360,3.493,3.493
361,3.493,3.493
362,3.493,3.493
363,3.493,3.493
364,3.493,3.493
365,3.493,3.493
366,3.493,3.493
367,3.493,3.493
368,3.493,3.493
369,3.493,3.493
370,3.493,3.493
371,3.493,3.493
372,3.493,3.493
373,3.493,3.493
374,3.493,3.493
375,3.493,3.493
376,3.493,3.493
377,3.493,3.493
378,3.493,3.493
379,3.493,3.493
380,3.493,3.493
381,3.493,3.493
382,3.493,3.493
383,3.493,3.493
384,3.493,3.493
385,3.493,3.493
386,3.493,3.493
387,3.493,3.493
388,3.493,3.493
389,3.493,3.493
390,3.493,3.493
391,3.493,3.493
392,3.493,3.493
393,3.493,3.493
394,3.493,3.493
395,3.493,3.493
396,3.493,3.493
397,3.493,3.493
398,3.493,3.493
399,3.493,3.493
400,3.493,3.493
401,3.493,3.493
402,3.493,3.493
403,3.493,3.493
404,3.493,3.493
405,3.493,3.493
406,3.493,3.493
407,3.493,3.493
408,3.493,3.493
409,3.493,3.493
410,3.493,3.493
411,3.493,3.493
412,3.493,3.493
413,3.493,3.493
414,3.493,3.493
415,3.493,3.493
416,3.493,3.493
417,3.493,3.493
418,3.493,3.493
419,3.493,3.493
420,3.493,3.493
421,3.493,3.493
422,3.493,3.493
423,3.493,3.493
424,3.493,3.493
425,3.493,3.493
426,3.493,3.493
427,3.493,3.493
428,3.493,3.493
429,3.493,3.493
430,3.493,3.493
431,3.493,3.493
432,3.493,3.493
433,3.493,3.493
434,3.493,3.493
435,3.493,3.493
436,3.493,3.493
437,3.493,3.493
438,3.493,3.493
439,3.493,3.493
440,3.493,3.493
441,3.493,3.493
442,3.493,3.493
443,3.493,3.493
444,3.493,3.493
445,3.493,3.493
446,3.493,3.493
447,3.493,3.493
448,3.493,3.493
449,3.493,3.493
450,3.493,3.493
451,3.493,3.493
452,3.493,3.493
453,3.493,3.493
454,3.493,3.493
455,3.493,3.493
456,3.493,3.493
457,3.493,3.493
458,3.493,3.493
459,3.493,3.493
460,3.493,3.493
461,3.493,3.493
462,3.493,3.493
463,3.493,3.493
464,3.493,3.493
465,3.493,3.493
466,3.493,3.493
467,3.493,3.493
468,3.493,3.493
469,3.493,3.493
470,3.493,3.493
471,3.493,3.493
472,3.493,3.493
473,3.493,3.493
474,3.493,3.493
475,3.493,3.493
476,3.493,3.493
477,3.493,3.493
478,3.493,3.493
479,3.493,3.493
480,3.493,3.493
481,3.493,3.493
482,3.493,3.493
483,3.493,3.493
484,3.493,3.493
485,3.493,3.493
486,3.493,3.493
487,3.493,3.493
488,3.493,3.493
489,3.493,3.493
490,3.493,3.493
491,3.493,3.493
492,3.493,3.493
493,3.493,3.493
494,3.493,3.493
495,3.493,3.493
496,3.493,3.493
497,3.493,3.493
498,3.493,3.493
499,3.493,3.493
500,3.493,3.493
501,3.493,3.493
502,3.493,3.493
503,3.493,3.493
504,3.493,3.493
505,3.493,3.493
506,3.493,3.493
507,3.493,3.493
508,3.493,3.493
509,3.493,3.493
510,3.493,3.493
511,3.493,3.493
512,3.493,3.493
513,3.493,3.493
514,3.493,3.493
515,3.493,3.493
516,3.493,3.493
517,3.493,3.493
518,3.493,3.493
519,3.493,3.493
520,3.493,3.493
521,3.493,3.493
522,3.493,3.493
523,3.493,3.493
524,3.493,3.493
525,3.493,3.493
526,3.493,3.493
527,3.493,3.493
528,3.493,3.493
529,3.493,3.493
530,3.493,3.493
531,3.493,3.493
532,3.493,3.493
533,3.493,3.493
534,3.493,3.493
535,3.493,3.493
536,3.493,3.493
537,3.493,3.493
538,3.493,3.493
539,3.493,3.493
540,3.493,3.493
541,3.493,3.493
542,3.493,3.493
543,3.493,3.493
544,3.493,3.493
545,3.493,3.493
546,3.493,3.493
547,3.493,3.493
548,3.493,3.493
549,3.493,3.493
550,3.493,3.493
551,3.493,3.493
552,3.493,3.493
553,3.493,3.493
554,3.493,3.493
555,3.493,3.493
556,3.493,3.493
557,3.493,3.493
558,3.493,3.493
559,3.493,3.493
560,3.493,3.493
561,3.493,3.493
562,3.493,3.493
563,3.493,3.493
564,3.493,3.493
565,3.493,3.493
566,3.493,3.493
567,3.493,3.493
568,3.493,3.493
569,3.493,3.493
570,3.493,3.493
571,3.493,3.493
572,3.493,3.493
573,3.493,3.493
574,3.493,3.493
575,3.493,3.493
576,3.493,3.493
577,3.493,3.493
578,3.493,3.493
579,3.493,3.493
580,3.493,3.493
581,3.493,3.493
582,3.493,3.493
583,3.493,3.493
584,3.493,3.493
585,3.493,3.493
586,3.493,3.493
587,3.493,3.493
588,3.493,3.493
589,3.493,3.493
590,3.493,3.493
591,3.493,3.493
592,3.493,3.493
593,3.493,3.493
594,3.493,3.493
595,3.493,3.493
596,3.493,3.493
597,3.493,3.493
598,3.493,3.493
599,3.493,3.493
600,3.493,3.493
601,3.493,3.493
602,3.493,3.493
603,3.493,3.493
604,3.493,3.493
605,3.493,3.493
606,3.493,3.493
607,3.493,3.493
608,3.493,3.493
609,3.493,3.493
610,3.493,3.493
611,3.493,3.493
612,3.493,3.493
613,3.493,3.493
614,3.493,3.493
615,3.493,3.493
616,3.493,3.493
617,3.493,3.493
618,3.493,3.493
619,3.493,3.493
620,3.493,3.493
621,3.493,3.493
622,3.493,3.493
623,3.493,3.493
624,3.493,3.493
625,3.493,3.493
626,3.493,3.493
627,3.493,3.493
628,3.493,3.493
629,3.493,3.493
630,3.493,3.493
631,3.493,3.493
632,3.493,3.493
633,3.493,3.493
634,3.493,3.493
635,3.493,3.493
636,3.493,3.493
637,3.493,3.493
638,3.493,3.493
639,3.493,3.493
640,3.493,3.493
641,3.493,3.493
642,3.493,3.493
643,3.493,3.493
644,3.493,3.493
645,3.493,3.493
646,3.493,3.493
647,3.493,3.493
648,3.493,3.493
649,3.493,3.493
650,3.493,3.493
651,3.493,3.493
652,3.493,3.493
653,3.493,3.493
654,3.493,3.493
655,3.493,3.493
656,3.493,3.493
657,3.493,3.493
658,3.493,3.493
659,3.493,3.493
660,3.493,3.493
661,3.493,3.493
662,3.493,3.493
663,3.493,3.493
664,3.493,3.493
665,3.493,3.493
666,3.493,3.493
667,3.493,3.493
668,3.493,3.493
669,3.493,3.493
670,3.493,3.493
671,3.493,3.493
672,3.493,3.493
673,3.493,3.493
674,3.493,3.493
675,3.493,3.493
676,3.493,3.493
677,3.493,3.493
678,3.493,3.493
679,3.493,3.493
680,3.493,3.493
681,3.493,3.493
682,3.493,3.493
683,3.493,3.493
684,3.493,3.493
685,3.493,3.493
686,3.493,3.493
687,3.493,3.493
688,3.493,3.493
689,3.493,3.493
690,3.493,3.493
691,3.493,3.493
692,3.493,3.493
693,3.493,3.493
694,3.493,3.493
695,3.493,3.493
696,3.493,3.493
697,3.493,3.493
698,3.493,3.493
699,3.493,3.493
700,3.493,3.493
701,3.493,3.493
702,3.493,3.493
703,3.493,3.493
704,3.493,3.493
705,3.493,3.493
706,3.493,3.493
707,3.493,3.493
708,3.493,3.493
709,3.493,3.493
710,3.493,3.493
711,3.493,3.493
712,3.493,3.493
713,3.493,3.493
714,3.493,3.493
715,3.493,3.493
716,3.493,3.493
717,3.493,3.493
718,3.493,3.493
719,3.493,3.493
720,3.493,3.493
721,3.493,3.493
722,3.493,3.493
723,3.493,3.493
724,3.493,3.493
725,3.493,3.493
726,3.493,3.493
727,3.493,3.493
728,3.493,3.493
729,3.493,3.493
730,3.493,3.493
731,3.493,3.493
732,3.493,3.493
733,3.493,3.493
734,3.493,3.493
735,3.493,3.493
736,3.493,3.493
737,3.493,3.493
738,3.493,3.493
739,3.493,3.493
740,3.493,3.493
741,3.493,3.493
742,3.493,3.493
743,3.493,3.493
744,3.493,3.493
745,3.493,3.493
746,3.493,3.493
747,3.493,3.493
748,3.493,3.493
749,3.493,3.493
750,3.493,3.493
751,3.493,3.493
752,3.493,3.493
753,3.493,3.493
754,3.493,3.493
755,3.493,3.493
756,3.493,3.493
757,3.493,3.493
758,3.493,3.493
759,3.493,3.493
760,3.493,3.493
761,3.493,3.493
762,3.493,3.493
763,3.493,3.493
764,3.493,3.493
765,3.493,3.493
766,3.493,3.493
767,3.493,3.493
768,3.493,3.493
769,3.493,3.493
770,3.493,3.493
771,3.493,3.493
772,3.493,3.493
773,3.493,3.493
774,3.493,3.493
775,3.493,3.493
776,3.493,3.493
777,3.493,3.493
778,3.493,3.493
779,3.493,3.493
780,3.493,3.493
781,3.493,3.493
782,3.493,3.493
783,3.493,3.493
784,3.493,3.493
785,3.493,3.493
786,3.493,3.493
787,3.493,3.493
788,3.493,3.493
789,3.493,3.493
790,3.493,3.493
791,3.493,3.493
792,3.493,3.493
793,3.493,3.493
794,3.493,3.493
795,3.493,3.493
796,3.493,3.493
797,3.493,3.493
798,3.493,3.493
799,3.493,3.493
800,3.493,3.493
801,3.493,3.493
802,3.493,3.493
803,3.493,3.493
804,3.493,3.493
805,3.493,3.493
806,3.493,3.493
807,3.493,3.493
808,3.493,3.493
809,3.493,3.493
810,3.493,3.493
811,3.493,3.493
812,3.493,3.493
813,3.493,3.493
814,3.493,3.493
815,3.493,3.493
816,3.493,3.493
817,3.493,3.493
818,3.493,3.493
819,3.493,3.493
820,3.493,3.493
821,3.493,3.493
822,3.493,3.493
823,3.493,3.493
824,3.493,3.493
825,3.493,3.493
826,3.493,3.493
827,3.493,3.493
828,3.493,3.493
829,3.493,3.493
830,3.493,3.493
831,3.493,3.493
832,3.493,3.493
833,3.493,3.493
834,3.493,3.493
835,3.493,3.493
836,3.493,3.493
837,3.493,3.493
838,3.493,3.493
839,3.493,3.493
840,3.493,3.493
841,3.493,3.493
842,3.493,3.493
843,3.493,3.493
844,3.493,3.493
845,3.493,3.493
846,3.493,3.493
847,3.493,3.493
848,3.493,3.493
849,3.493,3.493
850,3.493,3.493
851,3.493,3.493
852,3.493,3.493
853,3.493,3.493
854,3.493,3.493
855,3.493,3.493
856,3.493,3.493
857,3.493,3.493
858,3.493,3.493
859,3.493,3.493
860,3.493,3.493
861,3.493,3.493
862,3.493,3.493
863,3.493,3.493
864,3.493,3.493
865,3.493,3.493
866,3.493,3.493
867,3.493,3.493
868,3.493,3.493
869,3.493,3.493
870,3.493,3.493
871,3.493,3.493
872,3.493,3.493
873,3.493,3.493
874,3.493,3.493
875,3.493,3.493
876,3.493,3.493
877,3.493,3.493
878,3.493,3.493
879,3.493,3.493
880,3.493,3.493
881,3.493,3.493
882,3.493,3.493
883,3.493,3.493
884,3.493,3.493
885,3.493,3.493
886,3.493,3.493
887,3.493,3.493
888,3.493,3.493
889,3.493,3.493
890,3.493,3.493
891,3.493,3.493
892,3.493,3.493
893,3.493,3.493
894,3.493,3.493
895,3.493,3.493
896,3.493,3.493
897,3.493,3.493
898,3.493,3.493
899,3.493,3.493
900,3.493,3.493
901,3.493,3.493
902,3.493,3.493
903,3.493,3.493
904,3.493,3.493
905,3.493,3.493
906,3.493,3.493
907,3.493,3.493
908,3.493,3.493
909,3.493,3.493
910,3.493,3.493
911,3.493,3.493
912,3.493,3.493
913,3.493,3.493
914,3.493,3.493
915,3.493,3.493
916,3.493,3.493
917,3.493,3.493
918,3.493,3.493
919,3.493,3.493
920,3.493,3.493
921,3.493,3.493
922,3.493,3.493
923,3.493,3.493
924,3.493,3.493
925,3.493,3.493
926,3.493,3.493
927,3.493,3.493
928,3.493,3.493
929,3.493,3.493
930,3.493,3.493
931,3.493,3.493
932,3.493,3.493
933,3.493,3.493
934,3.493,3.493
935,3.493,3.493
936,3.493,3.493
937,3.493,3.493
938,3.493,3.493
939,3.493,3.493
940,3.493,3.493
941,3.493,3.493
942,3.493,3.493
943,3.493,3.493
944,3.493,3.493
945,3.493,3.493
946,3.493,3.493
947,3.493,3.493
948,3.493,3.493
949,3.493,3.493
950,3.493,3.493
951,3.493,3.493
952,3.493,3.493
953,3.493,3.493
954,3.493,3.493
955,3.493,3.493
956,3.493,3.493
957,3.493,3.493
958,3.493,3.493
959,3.493,3.493
960,3.493,3.493
961,3.493,3.493
962,3.493,3.493
963,3.493,3.493
964,3.493,3.493
965,3.493,3.493
966,3.493,3.493
967,3.493,3.493
968,3.493,3.493
969,3.493,3.493
970,3.493,3.493
971,3.493,3.493
972,3.493,3.493
973,3.493,3.493
974,3.493,3.493
975,3.493,3.493
976,3.493,3.493
977,3.493,3.493
978,3.493,3.493
979,3.493,3.493
980,3.493,3.493
981,3.493,3.493
982,3.493,3.493
983,3.493,3.493
984,3.493,3.493
985,3.493,3.493
986,3.493,3.493
987,3.493,3.493
988,3.493,3.493
989,3.493,3.493
990,3.493,3.493
991,3.493,3.493
992,3.493,3.493
993,3.493,3.493
994,3.493,3.493
995,3.493,3.493
996,3.493,3.493
997,3.493,3.493
998,3.493,3.493
999,3.493,3.493
1000,3.493,3.493
1001,3.493,3.493
1002,3.493,3.493
1003,3.493,3.493
1004,3.493,3.493
1005,3.493,3.493
1006,3.493,3.493
1007,3.493,3.493
1008,3.493,3.493
1009,3.493,3.493
1010,3.493,3.493
1011,3.493,3.493
1012,3.493,3.493
1013,3.493,3.493
1014,3.493,3.493
1015,3.493,3.493
1016,3.493,3.493
1017,3.493,3.493
1018,3.493,3.493
1019,3.493,3.493
1020,3.493,3.493
1021,3.493,3.493
1022,3.493,3.493
1023,3.493,3.493
1024,3.493,3.493
1025,3.493,3.493
1026,3.493,3.493
1027,3.493,3.493
1028,3.493,3.493
1029,3.493,3.493
1030,3.493,3.493
1031,3.493,3.493
1032,3.493,3.493
1033,3.493,3.493
1034,3.493,3.493
1035,3.493,3.493
1036,3.493,3.493
1037,3.493,3.493
1038,3.493,3.493
1039,3.493,3.493
1040,3.493,3.493
1041,3.493,3.493
1042,3.493,3.493
1043,3.493,3.493
1044,3.493,3.493
1045,3.493,3.493
1046,3.493,3.493
1047,3.493,3.493
1048,3.493,3.493
1049,3.493,3.493
1050,3.493,3.493
1051,3.493,3.493
1052,3.493,3.493
1053,3.493,3.493
1054,3.493,3.493
1055,3.493,3.493
1056,3.493,3.493
1057,3.493,3.493
1058,3.493,3.493
1059,3.493,3.493
1060,3.493,3.493
1061,3.493,3.493
1062,3.493,3.493
1063,3.493,3.493
1064,3.493,3.493
1065,3.493,3.493
1066,3.493,3.493
1067,3.493,3.493
1068,3.493,3.493
1069,3.493,3.493
1070,3.493,3.493
1071,3.493,3.493
1072,3.493,3.493
1073,3.493,3.493
1074,3.493,3.493
1075,3.493,3.493
1076,3.493,3.493
1077,3.493,3.493
1078,3.493,3.493
1079,3.493,3.493
1080,3.493,3.493
1081,3.493,3.493
1082,3.493,3.493
1083,3.493,3.493
1084,3.493,3.493
1085,3.493,3.493
1086,3.493,3.493
1087,3.493,3.493
1088,3.493,3.493
1089,3.493,3.493
1090,3.493,3.493
1091,3.493,3.493
1092,3.493,3.493
1093,3.493,3.493
1094,3.493,3.493
1095,3.493,3.493
1096,3.493,3.493
1097,3.493,3.493
1098,3.493,3.493
1099,3.493,3.493
1100,3.493,3.493
1101,3.493,3.493
1102,3.493,3.493
1103,3.493,3.493
1104,3.493,3.493
1105,3.493,3.493
1106,3.493,3.493
1107,3.493,3.493
1108,3.493,3.493
1109,3.493,3.493
1110,3.493,3.493
1111,3.493,3.493
1112,3.493,3.493
1113,3.493,3.493
1114,3.493,3.493
1115,3.493,3.493
1116,3.493,3.493
1117,3.493,3.493
1118,3.493,3.493
1119,3.493,3.493
1120,3.493,3.493
1121,3.493,3.493
1122,3.493,3.493
1123,3.493,3.493
1124,3.493,3.493
1125,3.493,3.493
1126,3.493,3.493
1127,3.493,3.493
1128,3.493,3.493
1129,3.493,3.493
1130,3.493,3.493
1131,3.493,3.493
1132,3.493,3.493
1133,3.493,3.493
1134,3.493,3.493
1135,3.493,3.493
1136,3.493,3.493
1137,3.493,3.493
1138,3.493,3.493
1139,3.493,3.493
1140,3.493,3.493
1141,3.493,3.493
1142,3.493,3.493
1143,3.493,3.493
1144,3.493,3.493
1145,3.493,3.493
1146,3.493,3.493
1147,3.493,3.493
1148,3.493,3.493
1149,3.493,3.493
1150,3.493,3.493
1151,3.493,3.493
1152,3.493,3.493
1153,3.493,3.493
1154,3.493,3.493
1155,3.493,3.493
1156,3.493,3.493
1157,3.493,3.493
1158,3.493,3.493
1159,3.493,3.493
1160,3.493,3.493
1161,3.493,3.493
1162,3.493,3.493
1163,3.493,3.493
1164,3.493,3.493
1165,3.493,3.493
1166,3.493,3.493
1167,3.493,3.493
1168,3.493,3.493
1169,3.493,3.493
1170,3.493,3.493
1171,3.493,3.493
1172,3.493,3.493
1173,3.493,3.493
1174,3.493,3.493
1175,3.493,3.493
1176,3.493,3.493
1177,3.493,3.493
1178,3.493,3.493
1179,3.493,3.493
1180,3.493,3.493
1181,3.493,3.493
1182,3.493,3.493
1183,3.493,3.493
1184,3.493,3.493
1185,3.493,3.493
1186,3.493,3.493
1187,3.493,3.493
1188,3.493,3.493
1189,3.493,3.493
1190,3.493,3.493
1191,3.493,3.493
1192,3.493,3.493
1193,3.493,3.493
1194,3.493,3.493
1195,3.493,3.493
1196,3.493,3.493
1197,3.493,3.493
1198,3.493,3.493
1199,3.493,3.493
1200,3.493,3.493
1201,3.493,3.493
1202,3.493,3.493
1203,3.493,3.493
1204,3.493,3.493
1205,3.493,3.493
1206,3.493,3.493
1207,3.493,3.493
1208,3.493,3.493
1209,3.493,3.493
1210,3.493,3.493
1211,3.493,3.493
1212,3.493,3.493
1213,3.493,3.493
1214,3.493,3.493
1215,3.493,3.493
1216,3.493,3.493
1217,3.493,3.493
1218,3.493,3.493
1219,3.493,3.493
1220,3.493,3.493
1221,3.493,3.493
1222,3.493,3.493
1223,3.493,3.493
1224,3.493,3.493
1225,3.493,3.493
1226,3.493,3.493
1227,3.493,3.493
1228,3.493,3.493
1229,3.493,3.493
1230,3.493,3.493
1231,3.493,3.493
1232,3.493,3.493
1233,3.493,3.493
1234,3.493,3.493
1235,3.493,3.493
1236,3.493,3.493
1237,3.493,3.493
1238,3.493,3.493
1239,3.493,3.493
1240,3.493,3.493
1241,3.493,3.493
1242,3.493,3.493
1243,3.493,3.493
1244,3.493,3.493
1245,3.493,3.493
1246,3.493,3.493
1247,3.493,3.493
1248,3.493,3.493
1249,3.493,3.493
1250,3.493,3.493
1251,3.493,3.493
1252,3.493,3.493
1253,3.493,3.493
1254,3.493,3.493
1255,3.493,3.493
1256,3.493,3.493
1257,3.493,3.493
1258,3.493,3.493
1259,3.493,3.493
1260,3.493,3.493
1261,3.493,3.493
1262,3.493,3.493
1263,3.493,3.493
1264,3.493,3.493
1265,3.493,3.493
1266,3.493,3.493
1267,3.493,3.493
1268,3.493,3.493
1269,3.493,3.493
1270,3.493,3.493
1271,3.493,3.493
1272,3.493,3.493
1273,3.493,3.493
1274,3.493,3.493
1275,3.493,3.493
1276,3.493,3.493
1277,3.493,3.493
1278,3.493,3.493
1279,3.493,3.493
1280,3.493,3.493
1281,3.493,3.493
1282,3.493,3.493
1283,3.493,3.493
1284,3.493,3.493
1285,3.493,3.493
1286,3.493,3.493
1287,3.493,3.493
1288,3.493,3.493
1289,3.493,3.493
1290,3.493,3.493
1291,3.493,3.493
1292,3.493,3.493
1293,3.493,3.493
1294,3.493,3.493
1295,3.493,3.493
1296,3.493,3.493
1297,3.493,3.493
1298,3.493,3.493
1299,3.493,3.493
1300,3.493,3.493
1301,3.493,3.493
1302,3.493,3.493
1303,3.493,3.493
1304,3.493,3.493
1305,3.493,3.493
1306,3.493,3.493
1307,3.493,3.493
1308,3.493,3.493
1309,3.493,3.493
1310,3.493,3.493
1311,3.493,3.493
1312,3.493,3.493
1313,3.493,3.493
1314,3.493,3.493
1315,3.493,3.493
1316,3.493,3.493
1317,3.493,3.493
1318,3.493,3.493
1319,3.493,3.493
1320,3.493,3.493
1321,3.493,3.493
1322,3.493,3.493
1323,3.493,3.493
1324,3.493,3.493
1325,3.493,3.493
1326,3.493,3.493
1327,3.493,3.493
1328,3.493,3.493
1329,3.493,3.493
1330,3.493,3.493
1331,3.493,3.493
1332,3.493,3.493
1333,3.493,3.493
1334,3.493,3.493
1335,3.493,3.493
1336,3.493,3.493
1337,3.493,3.493
1338,3.493,3.493
1339,3.493,3.493
1340,3.493,3.493
1341,3.493,3.493
1342,3.493,3.493
1343,3.493,3.493
1344,3.493,3.493
1345,3.493,3.493
1346,3.493,3.493
1347,3.493,3.493
1348,3.493,3.493
1349,3.493,3.493
1350,3.493,3.493
1351,3.493,3.493
1352,3.493,3.493
1353,3.493,3.493
1354,3.493,3.493
1355,3.493,3.493
1356,3.493,3.493
1357,3.493,3.493
1358,3.493,3.493
1359,3.493,3.493
1360,3.493,3.493
1361,3.493,3.493
1362,3.493,3.493
1363,3.493,3.493
1364,3.493,3.493
1365,3.493,3.493
1366,3.493,3.493
1367,3.493,3.493
1368,3.493,3.493
1369,3.493,3.493
1370,3.493,3.493
1371,3.493,3.493
1372,3.493,3.493
1373,3.493,3.493
1374,3.493,3.493
1375,3.493,3.493
1376,3.493,3.493
1377,3.493,3.493
1378,3.493,3.493
1379,3.493,3.493
1380,3.493,3.493
1381,3.493,3.493
1382,3.493,3.493
1383,3.493,3.493
1384,3.493,3.493
1385,3.493,3.493
1386,3.493,3.493
1387,3.493,3.493
1388,3.493,3.493
1389,3.493,3.493
1390,3.493,3.493
1391,3.493,3.493
1392,3.493,3.493
1393,3.493,3.493
1394,3.493,3.493
1395,3.493,3.493
1396,3.493,3.493
1397,3.493,3.493
1398,3.493,3.493
1399,3.493,3.493
1400,3.493,3.493
1401,3.493,3.493
1402,3.493,3.493
1403,3.493,3.493
1404,3.493,3.493
1405,3.493,3.493
1406,3.493,3.493
1407,3.493,3.493
1408,3.493,3.493
1409,3.493,3.493
1410,3.493,3.493
1411,3.493,3.493
1412,3.493,3.493
1413,3.493,3.493
1414,3.493,3.493
1415,3.493,3.493
1416,3.493,3.493
1417,3.493,3.493
1418,3.493,3.493
1419,3.493,3.493
1420,3.493,3.493
1421,3.493,3.493
1422,3.493,3.493
1423,3.493,3.493
1424,3.493,3.493
1425,3.493,3.493
1426,3.493,3.493
1427,3.493,3.493
1428,3.493,3.493
1429,3.493,3.493
1430,3.493,3.493
1431,3.493,3.493
1432,3.493,3.493
1433,3.493,3.493
1434,3.493,3.493
1435,3.493,3.493
1436,3.493,3.493
1437,3.493,3.493
1438,3.493,3.493
1439,3.493,3.493
1440,3.493,3.493
1441,3.493,3.493
1442,3.493,3.493
1443,3.493,3.493
1444,3.493,3.493
1445,3.493,3.493
1446,3.493,3.493
1447,3.493,3.493
1448,3.493,3.493
1449,3.493,3.493
1450,3.493,3.493
1451,3.493,3.493
1452,3.493,3.493
1453,3.493,3.493
1454,3.493,3.493
1455,3.493,3.493
1456,3.493,3.493
1457,3.493,3.493
1458,3.493,3.493
1459,3.493,3.493
1460,3.493,3.493
1461,3.493,3.493
1462,3.493,3.493
1463,3.493,3.493
1464,3.493,3.493
1465,3.493,3.493
1466,3.493,3.493
1467,3.493,3.493
1468,3.493,3.493
1469,3.493,3.493
1470,3.493,3.493
1471,3.493,3.493
1472,3.493,3.493
1473,3.493,3.493
1474,3.493,3.493
1475,3.493,3.493
1476,3.493,3.493
1477,3.493,3.493
1478,3.493,3.493
1479,3.493,3.493
1480,3.493,3.493
1481,3.493,3.493
1482,3.493,3.493
1483,3.493,3.493
1484,3.493,3.493
1485,3.493,3.493
1486,3.493,3.493
1487,3.493,3.493
1488,3.493,3.493
1489,3.493,3.493
1490,3.493,3.493
1491,3.493,3.493
1492,3.493,3.493
1493,3.493,3.493
1494,3.493,3.493
1495,3.493,3.493
1496,3.493,3.493
1497,3.493,3.493
1498,3.493,3.493
1499,3.493,3.493
1500,3.493,3.493
1501,3.493,3.493
1502,3.493,3.493
1503,3.493,3.493
1504,3.493,3.493
1505,3.493,3.493
1506,3.493,3.493
1507,3.493,3.493
1508,3.493,3.493
1509,3.493,3.493
1510,3.493,3.493
1511,3.493,3.493
1512,3.493,3.493
1513,3.493,3.493
1514,3.493,3.493
1515,3.493,3.493
1516,3.493,3.493
1517,3.493,3.493
1518,3.493,3.493
1519,3.493,3.493
1520,3.493,3.493
1521,3.493,3.493
1522,3.493,3.493
1523,3.493,3.493
1524,3.493,3.493
1525,3.493,3.493
1526,3.493,3.493
1527,3.493,3.493
1528,3.493,3.493
1529,3.493,3.493
1530,3.493,3.493
1531,3.493,3.493
1532,3.493,3.493
1533,3.493,3.493
1534,3.493,3.493
1535,3.493,3.493
1536,3.493,3.493
1537,3.493,3.493
1538,3.493,3.493
1539,3.493,3.493
1540,3.493,3.493
1541,3.493,3.493
1542,3.493,3.493
1543,3.493,3.493
1544,3.493,3.493
1545,3.493,3.493
1546,3.493,3.493
1547,3.493,3.493
1548,3.493,3.493
1549,3.493,3.493
1550,3.493,3.493
1551,3.493,3.493
1552,3.493,3.493
1553,3.493,3.493
1554,3.493,3.493
1555,3.493,3.493
1556,3.493,3.493
1557,3.493,3.493
1558,3.493,3.493
1559,3.493,3.493
1560,3.493,3.493
1561,3.493,3.493
1562,3.493,3.493
1563,3.493,3.493
1564,3.493,3.493
1565,3.493,3.493
1566,3.493,3.493
1567,3.493,3.493
1568,3.493,3.493
1569,3.493,3.493
1570,3.493,3.493
1571,3.493,3.493
1572,3.493,3.493
1573,3.493,3.493
1574,3.493,3.493
1575,3.493,3.493
1576,3.493,3.493
1577,3.493,3.493
1578,3.493,3.493
1579,3.493,3.493
1580,3.493,3.493
1581,3.493,3.493
1582,3.493,3.493
1583,3.493,3.493
1584,3.493,3.493
1585,3.493,3.493
1586,3.493,3.493
1587,3.493,3.493
1588,3.493,3.493
1589,3.493,3.493
1590,3.493,3.493
1591,3.493,3.493
1592,3.493,3.493
1593,3.493,3.493
1594,3.493,3.493
1595,3.493,3.493
1596,3.493,3.493
1597,3.493,3.493
1598,3.493,3.493
1599,3.493,3.493
1600,3.493,3.493
1601,3.493,3.493
1602,3.493,3.493
1603,3.493,3.493
1604,3.493,3.493
1605,3.493,3.493
1606,3.493,3.493
1607,3.493,3.493
1608,3.493,3.493
1609,3.493,3.493
1610,3.493,3.493
1611,3.493,3.493
1612,3.493,3.493
1613,3.493,3.493
1614,3.493,3.493
1615,3.493,3.493
1616,3.493,3.493
1617,3.493,3.493
1618,3.493,3.493
1619,3.493,3.493
1620,3.493,3.493
1621,3.493,3.493
1622,3.493,3.493
1623,3.493,3.493
1624,3.493,3.493
1625,3.493,3.493
1626,3.493,3.493
1627,3.493,3.493
1628,3.493,3.493
1629,3.493,3.493
1630,3.493,3.493
1631,3.493,3.493
1632,3.493,3.493
1633,3.493,3.493
1634,3.493,3.493
1635,3.493,3.493
1636,3.493,3.493
1637,3.493,3.493
1638,3.493,3.493
1639,3.493,3.493
1640,3.493,3.493
1641,3.493,3.493
1642,3.493,3.493
1643,3.493,3.493
1644,3.493,3.493
1645,3.493,3.493
1646,3.493,3.493
1647,3.493,3.493
1648,3.493,3.493
1649,3.493,3.493
1650,3.493,3.493
1651,3.493,3.493
1652,3.493,3.493
1653,3.493,3.493
1654,3.493,3.493
1655,3.493,3.493
1656,3.493,3.493
1657,3.493,3.493
1658,3.493,3.493
1659,3.493,3.493
1660,3.493,3.493
1661,3.493,3.493
1662,3.493,3.493
1663,3.493,3.493
1664,3.493,3.493
1665,3.493,3.493
1666,3.493,3.493
1667,3.493,3.493
1668,3.493,3.493
1669,3.493,3.493
1670,3.493,3.493
1671,3.493,3.493
1672,3.493,3.493
1673,3.493,3.493
1674,3.493,3.493
1675,3.493,3.493
1676,3.493,3.493
1677,3.493,3.493
1678,3.493,3.493
1679,3.493,3.493
1680,3.493,3.493
1681,3.493,3.493
1682,3.493,3.493
1683,3.493,3.493
1684,3.493,3.493
1685,3.493,3.493
1686,3.493,3.493
1687,3.493,3.493
1688,3.493,3.493
1689,3.493,3.493
1690,3.493,3.493
1691,3.493,3.493
1692,3.493,3.493
1693,3.493,3.493
1694,3.493,3.493
1695,3.493,3.493
1696,3.493,3.493
1697,3.493,3.493
1698,3.493,3.493
1699,3.493,3.493
1700,3.493,3.493
1701,3.493,3.493
1702,3.493,3.493
1703,3.493,3.493
1704,3.493,3.493
1705,3.493,3.493
1706,3.493,3.493
1707,3.493,3.493
1708,3.493,3.493
1709,3.493,3.493
1710,3.493,3.493
1711,3.493,3.493
1712,3.493,3.493
1713,3.493,3.493
1714,3.493,3.493
1715,3.493,3.493
1716,3.493,3.493
1717,3.493,3.493
1718,3.493,3.493
1719,3.493,3.493
1720,3.493,3.493
1721,3.493,3.493
1722,3.493,3.493
1723,3.493,3.493
1724,3.493,3.493
1725,3.493,3.493
1726,3.493,3.493
1727,3.493,3.493
1728,3.493,3.493
1729,3.493,3.493
1730,3.493,3.493
1731,3.493,3.493
1732,3.493,3.493
1733,3.493,3.493
1734,3.493,3.493
1735,3.493,3.493
1736,3.493,3.493
1737,3.493,3.493
1738,3.493,3.493
1739,3.493,3.493
1740,3.493,3.493
1741,3.493,3.493
1742,3.493,3.493
1743,3.493,3.493
1744,3.493,3.493
1745,3.493,3.493
1746,3.493,3.493
1747,3.493,3.493
1748,3.493,3.493
1749,3.493,3.493
1750,3.493,3.493
1751,3.493,3.493
1752,3.493,3.493
1753,3.493,3.493
1754,3.493,3.493
1755,3.493,3.493
1756,3.493,3.493
1757,3.493,3.493
1758,3.493,3.493
1759,3.493,3.493
1760,3.493,3.493
1761,3.493,3.493
1762,3.493,3.493
1763,3.493,3.493
1764,3.493,3.493
1765,3.493,3.493
1766,3.493,3.493
1767,3.493,3.493
1768,3.493,3.493
1769,3.493,3.493
1770,3.493,3.493
1771,3.493,3.493
1772,3.493,3.493
1773,3.493,3.493
1774,3.493,3.493
1775,3.493,3.493
1776,3.493,3.493
1777,3.493,3.493
1778,3.493,3.493
1779,3.493,3.493
1780,3.493,3.493
1781,3.493,3.493
1782,3.493,3.493
1783,3.493,3.493
1784,3.493,3.493
1785,3.493,3.493
1786,3.493,3.493
1787,3.493,3.493
1788,3.493,3.493
1789,3.493,3.493
1790,3.493,3.493
1791,3.493,3.493
1792,3.493,3.493
1793,3.493,3.493
1794,3.493,3.493
1795,3.493,3.493
1796,3.493,3.493
1797,3.493,3.493
1798,3.493,3.493
1799,3.493,3.493
1800,3.493,3.493
1801,3.493,3.493
1802,3.493,3.493
1803,3.493,3.493
1804,3.493,3.493
1805,3.493,3.493
1806,3.493,3.493
1807,3.493,3.493
1808,3.493,3.493
1809,3.493,3.493
1810,3.493,3.493
1811,3.493,3.493
1812,3.493,3.493
1813,3.493,3.493
1814,3.493,3.493
1815,3.493,3.493
1816,3.493,3.493
1817,3.493,3.493
1818,3.493,3.493
1819,3.493,3.493
1820,3.493,3.493
1821,3.493,3.493
1822,3.493,3.493
1823,3.493,3.493
1824,3.493,3.493
1825,3.493,3.493
1826,3.493,3.493
1827,3.493,3.493
1828,3.493,3.493
1829,3.493,3.493
1830,3.493,3.493
1831,3.493,3.493
1832,3.493,3.493
1833,3.493,3.493
1834,3.493,3.493
1835,3.493,3.493
1836,3.493,3.493
1837,3.493,3.493
1838,3.493,3.493
1839,3.493,3.493
1840,3.493,3.493
1841,3.493,3.493
1842,3.493,3.493
1843,3.493,3.493
1844,3.493,3.493
1845,3.493,3.493
1846,3.493,3.493
1847,3.493,3.493
1848,3.493,3.493
1849,3.493,3.493
1850,3.493,3.493
1851,3.493,3.493
1852,3.493,3.493
1853,3.493,3.493
1854,3.493,3.493
1855,3.493,3.493
1856,3.493,3.493
1857,3.493,3.493
1858,3.493,3.493
1859,3.493,3.493
1860,3.493,3.493
1861,3.493,3.493
1862,3.493,3.493
1863,3.493,3.493
1864,3.493,3.493
1865,3.493,3.493
1866,3.493,3.493
1867,3.493,3.493
1868,3.493,3.493
1869,3.493,3.493
1870,3.493,3.493
1871,3.493,3.493
1872,3.493,3.493
1873,3.493,3.493
1874,3.493,3.493
1875,3.493,3.493
1876,3.493,3.493
1877,3.493,3.493
1878,3.493,3.493
1879,3.493,3.493
1880,3.493,3.493
1881,3.493,3.493
1882,3.493,3.493
1883,3.493,3.493
1884,3.493,3.493
1885,3.493,3.493
1886,3.493,3.493
1887,3.493,3.493
1888,3.493,3.493
1889,3.493,3.493
1890,3.493,3.493
1891,3.493,3.493
1892,3.493,3.493
1893,3.493,3.493
1894,3.493,3.493
1895,3.493,3.493
1896,3.493,3.493
1897,3.493,3.493
1898,3.493,3.493
1899,3.493,3.493
1900,3.493,3.493
1901,3.493,3.493
1902,3.493,3.493
1903,3.493,3.493
1904,3.493,3.493
1905,3.493,3.493
1906,3.493,3.493
1907,3.493,3.493
1908,3.493,3.493
1909,3.493,3.493
1910,3.493,3.493
1911,3.493,3.493
1912,3.493,3.493
1913,3.493,3.493
1914,3.493,3.493
1915,3.493,3.493
1916,3.493,3.493
1917,3.493,3.493
1918,3.493,3.493
1919,3.493,3.493
1920,3.493,3.493
1921,3.493,3.493
1922,3.493,3.493
1923,3.493,3.493
1924,3.493,3.493
1925,3.493,3.493
1926,3.493,3.493
1927,3.493,3.493
1928,3.493,3.493
1929,3.493,3.493
1930,3.493,3.493
1931,3.493,3.493
1932,3.493,3.493
1933,3.493,3.493
1934,3.493,3.493
1935,3.493,3.493
1936,3.493,3.493
1937,3.493,3.493
1938,3.493,3.493
1939,3.493,3.493
1940,3.493,3.493
1941,3.493,3.493
1942,3.493,3.493
1943,3.493,3.493
1944,3.493,3.493
1945,3.493,3.493
1946,3.493,3.493
1947,3.493,3.493
1948,3.493,3.493
1949,3.493,3.493
1950,3.493,3.493
1951,3.493,3.493
1952,3.493,3.493
1953,3.493,3.493
1954,3.493,3.493
1955,3.493,3.493
1956,3.493,3.493
1957,3.493,3.493
1958,3.493,3.493
1959,3.493,3.493
1960,3.493,3.493
1961,3.493,3.493
1962,3.493,3.493
1963,3.493,3.493
1964,3.493,3.493
1965,3.493,3.493
1966,3.493,3.493
1967,3.493,3.493
1968,3.493,3.493
1969,3.493,3.493
1970,3.493,3.493
1971,3.493,3.493
1972,3.493,3.493
1973,3.493,3.493
1974,3.493,3.493
1975,3.493,3.493
1976,3.493,3.493
1977,3.493,3.493
1978,3.493,3.493
1979,3.493,3.493
1980,3.493,3.493
1981,3.493,3.493
1982,3.493,3.493
1983,3.493,3.493
1984,3.493,3.493
1985,3.493,3.493
1986,3.493,3.493
1987,3.493,3.493
1988,3.493,3.493
1989,3.493,3.493
1990,3.493,3.493
1991,3.493,3.493
1992,3.493,3.493
1993,3.493,3.493
1994,3.493,3.493
1995,3.493,3.493
1996,3.493,3.493
1997,3.493,3.493
1998,3.493,3.493
1999,3.493,3.493
2000,3.493,3.493
2001,3.493,3.493
2002,3.493,3.493
2003,3.493,3.493
2004,3.493,3.493
2005,3.493,3.493
2006,3.493,3.493
2007,3.493,3.493
2008,3.493,3.493
2009,3.493,3.493
2010,3.493,3.493
2011,3.493,3.493
2012,3.493,3.493
2013,3.493,3.493
2014,3.493,3.493
2015,3.493,3.493
2016,3.493,3.493
2017,3.493,3.493
2018,3.493,3.493
2019,3.493,3.493
2020,3.493,3.493
2021,3.493,3.493
2022,3.493,3.493
2023,3.493,3.493
2024,3.493,3.493
2025,3.493,3.493
2026,3.493,3.493
2027,3.493,3.493
2028,3.493,3.493
2029,3.493,3.493
2030,3.493,3.493
2031,3.493,3.493
2032,3.493,3.493
2033,3.493,3.493
2034,3.493,3.493
2035,3.493,3.493
2036,3.493,3.493
2037,3.493,3.493
2038,3.493,3.493
2039,3.493,3.493
2040,3.493,3.493
2041,3.493,3.493
2042,3.493,3.493
2043,3.493,3.493
2044,3.493,3.493
2045,3.493,3.493
2046,3.493,3.493
2047,3.493,3.493
2048,3.493,3.493
2049,3.493,3.493
2050,3.493,3.493
2051,3.493,3.493
2052,3.493,3.493
2053,3.493,3.493
2054,3.493,3.493
2055,3.493,3.493
2056,3.493,3.493
2057,3.493,3.493
2058,3.493,3.493
2059,3.493,3.493
2060,3.493,3.493
2061,3.493,3.493
2062,3.493,3.493
2063,3.493,3.493
2064,3.493,3.493
2065,3.493,3.493
2066,3.493,3.493
2067,3.493,3.493
2068,3.493,3.493
2069,3.493,3.493
2070,3.493,3.493
2071,3.493,3.493
2072,3.493,3.493
2073,3.493,3.493
2074,3.493,3.493
2075,3.493,3.493
2076,3.493,3.493
2077,3.493,3.493
2078,3.493,3.493
2079,3.493,3.493
2080,3.493,3.493
2081,3.493,3.493
2082,3.493,3.493
2083,3.493,3.493
2084,3.493,3.493
2085,3.493,3.493
2086,3.493,3.493
2087,3.493,3.493
2088,3.493,3.493
2089,3.493,3.493
2090,3.493,3.493
2091,3.493,3.493
2092,3.493,3.493
2093,3.493,3.493
2094,3.493,3.493
2095,3.493,3.493
2096,3.493,3.493
2097,3.493,3.493
2098,3.493,3.493
2099,3.493,3.493
2100,3.493,3.493
2101,3.493,3.493
2102,3.493,3.493
2103,3.493,3.493
2104,3.493,3.493
2105,3.493,3.493
2106,3.493,3.493
2107,3.493,3.493
2108,3.493,3.493
2109,3.493,3.493
2110,3.493,3.493
2111,3.493,3.493
2112,3.493,3.493
2113,3.493,3.493
2114,3.493,3.493
2115,3.493,3.493
2116,3.493,3.493
2117,3.493,3.493
2118,3.493,3.493
2119,3.493,3.493
2120,3.493,3.493
2121,3.493,3.493
2122,3.493,3.493
2123,3.493,3.493
2124,3.493,3.493
2125,3.493,3.493
2126,3.493,3.493
2127,3.493,3.493
2128,3.493,3.493
2129,3.493,3.493
2130,3.493,3.493
2131,3.493,3.493
2132,3.493,3.493
2133,3.493,3.493
2134,3.493,3.493
2135,3.493,3.493
2136,3.493,3.493
2137,3.493,3.493
2138,3.493,3.493
2139,3.493,3.493
2140,3.493,3.493
2141,3.493,3.493
2142,3.493,3.493
2143,3.493,3.493
2144,3.493,3.493
2145,3.493,3.493
2146,3.493,3.493
2147,3.493,3.493
2148,3.493,3.493
2149,3.493,3.493
2150,3.493,3.493
2151,3.493,3.493
2152,3.493,3.493
2153,3.493,3.493
2154,3.493,3.493
2155,3.493,3.493
2156,3.493,3.493
2157,3.493,3.493
2158,3.493,3.493
2159,3.493,3.493
2160,3.493,3.493
2161,3.493,3.493
2162,3.493,3.493
2163,3.493,3.493
2164,3.493,3.493
2165,3.493,3.493
2166,3.493,3.493
2167,3.493,3.493
2168,3.493,3.493
2169,3.493,3.493
2170,3.493,3.493
2171,3.493,3.493
2172,3.493,3.493
2173,3.493,3.493
2174,3.493,3.493
2175,3.493,3.493
2176,3.493,3.493
2177,3.493,3.493
2178,3.493,3.493
2179,3.493,3.493
2180,3.493,3.493
2181,3.493,3.493
2182,3.493,3.493
2183,3.493,3.493
2184,3.493,3.493
2185,3.493,3.493
2186,3.493,3.493
2187,3.493,3.493
2188,3.493,3.493
2189,3.493,3.493
2190,3.493,3.493
2191,3.493,3.493
2192,3.493,3.493
2193,3.493,3.493
2194,3.493,3.493
2195,3.493,3.493
2196,3.493,3.493
2197,3.493,3.493
2198,3.493,3.493
2199,3.493,3.493
2200,3.493,3.493
2201,3.493,3.493
2202,3.493,3.493
2203,3.493,3.493
2204,3.493,3.493
2205,3.493,3.493
2206,3.493,3.493
2207,3.493,3.493
2208,3.493,3.493
2209,3.493,3.493
2210,3.493,3.493
2211,3.493,3.493
2212,3.493,3.493
2213,3.493,3.493
2214,3.493,3.493
2215,3.493,3.493
2216,3.493,3.493
2217,3.493,3.493
2218,3.493,3.493
2219,3.493,3.493
2220,3.493,3.493
2221,3.493,3.493
2222,3.493,3.493
2223,3.493,3.493
2224,3.493,3.493
2225,3.493,3.493
2226,3.493,3.493
2227,3.493,3.493
2228,3.493,3.493
2229,3.493,3.493
2230,3.493,3.493
2231,3.493,3.493
2232,3.493,3.493
2233,3.493,3.493
2234,3.493,3.493
2235,3.493,3.493
2236,3.493,3.493
2237,3.493,3.493
2238,3.493,3.493
2239,3.493,3.493
2240,3.493,3.493
2241,3.493,3.493
2242,3.493,3.493
2243,3.493,3.493
2244,3.493,3.493
2245,3.493,3.493
2246,3.493,3.493
2247,3.493,3.493
2248,3.493,3.493
2249,3.493,3.493
2250,3.493,3.493
2251,3.493,3.493
2252,3.493,3.493
2253,3.493,3.493
2254,3.493,3.493
2255,3.493,3.493
2256,3.493,3.493
2257,3.493,3.493
2258,3.493,3.493
2259,3.493,3.493
2260,3.493,3.493
2261,3.493,3.493
2262,3.493,3.493
2263,3.493,3.493
2264,3.493,3.493
2265,3.493,3.493
2266,3.493,3.493
2267,3.493,3.493
2268,3.493,3.493
2269,3.493,3.493
2270,3.493,3.493
2271,3.493,3.493
2272,3.493,3.493
2273,3.493,3.493
2274,3.493,3.493
2275,3.493,3.493
2276,3.493,3.493
2277,3.493,3.493
2278,3.493,3.493
2279,3.493,3.493
2280,3.493,3.493
2281,3.493,3.493
2282,3.493,3.493
2283,3.493,3.493
2284,3.493,3.493
2285,3.493,3.493
2286,3.493,3.493
2287,3.493,3.493
2288,3.493,3.493
2289,3.493,3.493
2290,3.493,3.493
2291,3.493,3.493
2292,3.493,3.493
2293,3.493,3.493
2294,3.493,3.493
2295,3.493,3.493
2296,3.493,3.493
2297,3.493,3.493
2298,3.493,3.493
2299,3.493,3.493
2300,3.493,3.493
2301,3.493,3.493
2302,3.493,3.493
2303,3.493,3.493
2304,3.493,3.493
2305,3.493,3.493
2306,3.493,3.493
2307,3.493,3.493
2308,3.493,3.493
2309,3.493,3.493
2310,3.493,3.493
2311,3.493,3.493
2312,3.493,3.493
2313,3.493,3.493
2314,3.493,3.493
2315,3.493,3.493
2316,3.493,3.493
2317,3.493,3.493
2318,3.493,3.493
2319,3.493,3.493
2320,3.493,3.493
2321,3.493,3.493
2322,3.493,3.493
2323,3.493,3.493
2324,3.493,3.493
2325,3.493,3.493
2326,3.493,3.493
2327,3.493,3.493
2328,3.493,3.493
2329,3.493,3.493
2330,3.493,3.493
2331,3.493,3.493
2332,3.493,3.493
2333,3.493,3.493
2334,3.493,3.493
2335,3.493,3.493
2336,3.493,3.493
2337,3.493,3.493
2338,3.493,3.493
2339,3.493,3.493
2340,3.493,3.493
2341,3.493,3.493
2342,3.493,3.493
2343,3.493,3.493
2344,3.493,3.493
2345,3.493,3.493
2346,3.493,3.493
2347,3.493,3.493
2348,3.493,3.493
2349,3.493,3.493
2350,3.493,3.493
2351,3.493,3.493
2352,3.493,3.493
2353,3.493,3.493
2354,3.493,3.493
2355,3.493,3.493
2356,3.493,3.493
2357,3.493,3.493
2358,3.493,3.493
2359,3.493,3.493
2360,3.493,3.493
2361,3.493,3.493
2362,3.493,3.493
2363,3.493,3.493
2364,3.493,3.493
2365,3.493,3.493
2366,3.493,3.493
2367,3.493,3.493
2368,3.493,3.493
2369,3.493,3.493
2370,3.493,3.493
2371,3.493,3.493
2372,3.493,3.493
2373,3.493,3.493
2374,3.493,3.493
2375,3.493,3.493
2376,3.493,3.493
2377,3.493,3.493
2378,3.493,3.493
2379,3.493,3.493
2380,3.493,3.493
2381,3.493,3.493
2382,3.493,3.493
2383,3.493,3.493
2384,3.493,3.493
2385,3.493,3.493
2386,3.493,3.493
2387,3.493,3.493
2388,3.493,3.493
2389,3.493,3.493
2390,3.493,3.493
2391,3.493,3.493
2392,3.493,3.493
2393,3.493,3.493
2394,3.493,3.493
2395,3.493,3.493
2396,3.493,3.493
2397,3.493,3.493
2398,3.493,3.493
2399,3.493,3.493
2400,3.493,3.493
2401,3.493,3.493
2402,3.493,3.493
2403,3.493,3.493
2404,3.493,3.493
2405,3.493,3.493
2406,3.493,3.493
2407,3.493,3.493
2408,3.493,3.493
2409,3.493,3.493
2410,3.493,3.493
2411,3.493,3.493
2412,3.493,3.493
2413,3.493,3.493
2414,3.493,3.493
2415,3.493,3.493
2416,3.493,3.493
2417,3.493,3.493
2418,3.493,3.493
2419,3.493,3.493
2420,3.493,3.493
2421,3.493,3.493
2422,3.493,3.493
2423,3.493,3.493
2424,3.493,3.493
2425,3.493,3.493
2426,3.493,3.493
2427,3.493,3.493
2428,3.493,3.493
2429,3.493,3.493
2430,3.493,3.493
2431,3.493,3.493
2432,3.493,3.493
2433,3.493,3.493
2434,3.493,3.493
2435,3.493,3.493
2436,3.493,3.493
2437,3.493,3.493
2438,3.493,3.493
2439,3.493,3.493
2440,3.493,3.493
2441,3.493,3.493
2442,3.493,3.493
2443,3.493,3.493
2444,3.493,3.493
2445,3.493,3.493
2446,3.493,3.493
2447,3.493,3.493
2448,3.493,3.493
2449,3.493,3.493
2450,3.493,3.493
2451,3.493,3.493
2452,3.493,3.493
2453,3.493,3.493
2454,3.493,3.493
2455,3.493,3.493
2456,3.493,3.493
2457,3.493,3.493
2458,3.493,3.493
2459,3.493,3.493
2460,3.493,3.493
2461,3.493,3.493
2462,3.493,3.493
2463,3.493,3.493
2464,3.493,3.493
2465,3.493,3.493
2466,3.493,3.493
2467,3.493,3.493
2468,3.493,3.493
2469,3.493,3.493
2470,3.493,3.493
2471,3.493,3.493
2472,3.493,3.493
2473,3.493,3.493
2474,3.493,3.493
2475,3.493,3.493
2476,3.493,3.493
2477,3.493,3.493
2478,3.493,3.493
2479,3.493,3.493
2480,3.493,3.493
2481,3.493,3.493
2482,3.493,3.493
2483,3.493,3.493
2484,3.493,3.493
2485,3.493,3.493
2486,3.493,3.493
2487,3.493,3.493
2488,3.493,3.493
2489,3.493,3.493
2490,3.493,3.493
2491,3.493,3.493
2492,3.493,3.493
2493,3.493,3.493
2494,3.493,3.493
2495,3.493,3.493
2496,3.493,3.493
2497,3.493,3.493
2498,3.493,3.493
2499,3.493,3.493
2500,3.493,3.493
2501,3.493,3.493
2502,3.493,3.493
2503,3.493,3.493
2504,3.493,3.493
2505,3.493,3.493
2506,3.493,3.493
2507,3.493,3.493
2508,3.493,3.493
2509,3.493,3.493
2510,3.493,3.493
2511,3.493,3.493
2512,3.493,3.493
2513,3.493,3.493
2514,3.493,3.493
2515,3.493,3.493
2516,3.493,3.493
2517,3.493,3.493
2518,3.493,3.493
2519,3.493,3.493
2520,3.493,3.493
2521,3.493,3.493
2522,3.493,3.493
2523,3.493,3.493
2524,3.493,3.493
2525,3.493,3.493
2526,3.493,3.493
2527,3.493,3.493
2528,3.493,3.493
2529,3.493,3.493
2530,3.493,3.493
2531,3.493,3.493
2532,3.493,3.493
2533,3.493,3.493
2534,3.493,3.493
2535,3.493,3.493
2536,3.493,3.493
2537,3.493,3.493
2538,3.493,3.493
2539,3.493,3.493
2540,3.493,3.493
2541,3.493,3.493
2542,3.493,3.493
2543,3.493,3.493
2544,3.493,3.493
2545,3.493,3.493
2546,3.493,3.493
2547,3.493,3.493
2548,3.493,3.493
2549,3.493,3.493
2550,3.493,3.493
2551,3.493,3.493
2552,3.493,3.493
2553,3.493,3.493
2554,3.493,3.493
2555,3.493,3.493
2556,3.493,3.493
2557,3.493,3.493
2558,3.493,3.493
2559,3.493,3.493
2560,3.493,3.493
2561,3.493,3.493
2562,3.493,3.493
2563,3.493,3.493
2564,3.493,3.493
2565,3.493,3.493
2566,3.493,3.493
2567,3.493,3.493
2568,3.493,3.493
2569,3.493,3.493
2570,3.493,3.493
2571,3.493,3.493
2572,3.493,3.493
2573,3.493,3.493
2574,3.493,3.493
2575,3.493,3.493
2576,3.493,3.493
2577,3.493,3.493
2578,3.493,3.493
2579,3.493,3.493
2580,3.493,3.493
2581,3.493,3.493
2582,3.493,3.493
2583,3.493,3.493
2584,3.493,3.493
2585,3.493,3.493
2586,3.493,3.493
2587,3.493,3.493
2588,3.493,3.493
2589,3.493,3.493
2590,3.493,3.493
2591,3.493,3.493
2592,3.493,3.493
2593,3.493,3.493
2594,3.493,3.493
2595,3.493,3.493
2596,3.493,3.493
2597,3.493,3.493
2598,3.493,3.493
2599,3.493,3.493
2600,3.493,3.493
2601,3.493,3.493
2602,3.493,3.493
2603,3.493,3.493
2604,3.493,3.493
2605,3.493,3.493
2606,3.493,3.493
2607,3.493,3.493
2608,3.493,3.493
2609,3.493,3.493
2610,3.493,3.493
2611,3.493,3.493
2612,3.493,3.493
2613,3.493,3.493
2614,3.493,3.493
2615,3.493,3.493
2616,3.493,3.493
2617,3.493,3.493
2618,3.493,3.493
2619,3.493,3.493
2620,3.493,3.493
2621,3.493,3.493
2622,3.493,3.493
2623,3.493,3.493
2624,3.493,3.493
2625,3.493,3.493
2626,3.493,3.493
2627,3.493,3.493
2628,3.493,3.493
2629,3.493,3.493
2630,3.493,3.493
2631,3.493,3.493
2632,3.493,3.493
2633,3.493,3.493
2634,3.493,3.493
2635,3.493,3.493
2636,3.493,3.493
2637,3.493,3.493
2638,3.493,3.493
2639,3.493,3.493
2640,3.493,3.493
2641,3.493,3.493
2642,3.493,3.493
2643,3.493,3.493
2644,3.493,3.493
2645,3.493,3.493
2646,3.493,3.493
2647,3.493,3.493
2648,3.493,3.493
2649,3.493,3.493
2650,3.493,3.493
2651,3.493,3.493
2652,3.493,3.493
2653,3.493,3.493
2654,3.493,3.493
2655,3.493,3.493
2656,3.493,3.493
2657,3.493,3.493
2658,3.493,3.493
2659,3.493,3.493
2660,3.493,3.493
2661,3.493,3.493
2662,3.493,3.493
2663,3.493,3.493
2664,3.493,3.493
2665,3.493,3.493
2666,3.493,3.493
2667,3.493,3.493
2668,3.493,3.493
2669,3.493,3.493
2670,3.493,3.493
2671,3.493,3.493
2672,3.493,3.493
2673,3.493,3.493
2674,3.493,3.493
2675,3.493,3.493
2676,3.493,3.493
2677,3.493,3.493
2678,3.493,3.493
2679,3.493,3.493
2680,3.493,3.493
2681,3.493,3.493
2682,3.493,3.493
2683,3.493,3.493
2684,3.493,3.493
2685,3.493,3.493
2686,3.493,3.493
2687,3.493,3.493
2688,3.493,3.493
2689,3.493,3.493
2690,3.493,3.493
2691,3.493,3.493
2692,3.493,3.493
2693,3.493,3.493
2694,3.493,3.493
2695,3.493,3.493
2696,3.493,3.493
2697,3.493,3.493
2698,3.493,3.493
2699,3.493,3.493
2700,3.493,3.493
2701,3.493,3.493
2702,3.493,3.493
2703,3.493,3.493
2704,3.493,3.493
2705,3.493,3.493
2706,3.493,3.493
2707,3.493,3.493
2708,3.493,3.493
2709,3.493,3.493
2710,3.493,3.493
2711,3.493,3.493
2712,3.493,3.493
2713,3.493,3.493
2714,3.493,3.493
2715,3.493,3.493
2716,3.493,3.493
2717,3.493,3.493
2718,3.493,3.493
2719,3.493,3.493
2720,3.493,3.493
2721,3.493,3.493
2722,3.493,3.493
2723,3.493,3.493
2724,3.493,3.493
2725,3.493,3.493
2726,3.493,3.493
2727,3.493,3.493
2728,3.493,3.493
2729,3.493,3.493
2730,3.493,3.493
2731,3.493,3.493
2732,3.493,3.493
2733,3.493,3.493
2734,3.493,3.493
2735,3.493,3.493
2736,3.493,3.493
2737,3.493,3.493
2738,3.493,3.493
2739,3.493,3.493
2740,3.493,3.493
2741,3.493,3.493
2742,3.493,3.493
2743,3.493,3.493
2744,3.493,3.493
2745,3.493,3.493
2746,3.493,3.493
2747,3.493,3.493
2748,3.493,3.493
2749,3.493,3.493
2750,3.493,3.493
2751,3.493,3.493
2752,3.493,3.493
2753,3.493,3.493
2754,3.493,3.493
2755,3.493,3.493
2756,3.493,3.493
2757,3.493,3.493
2758,3.493,3.493
2759,3.493,3.493
2760,3.493,3.493
2761,3.493,3.493
2762,3.493,3.493
2763,3.493,3.493
2764,3.493,3.493
2765,3.493,3.493
2766,3.493,3.493
2767,3.493,3.493
2768,3.493,3.493
2769,3.493,3.493
2770,3.493,3.493
2771,3.493,3.493
2772,3.493,3.493
2773,3.493,3.493
2774,3.493,3.493
2775,3.493,3.493
2776,3.493,3.493
2777,3.493,3.493
2778,3.493,3.493
2779,3.493,3.493
2780,3.493,3.493
2781,3.493,3.493
2782,3.493,3.493
2783,3.493,3.493
2784,3.493,3.493
2785,3.493,3.493
2786,3.493,3.493
2787,3.493,3.493
2788,3.493,3.493
2789,3.493,3.493
2790,3.493,3.493
2791,3.493,3.493
2792,3.493,3.493
2793,3.493,3.493
2794,3.493,3.493
2795,3.493,3.493
2796,3.493,3.493
2797,3.493,3.493
2798,3.493,3.493
2799,3.493,3.493
2800,3.493,3.493
2801,3.493,3.493
2802,3.493,3.493
2803,3.493,3.493
2804,3.493,3.493
2805,3.493,3.493
2806,3.493,3.493
2807,3.493,3.493
2808,3.493,3.493
2809,3.493,3.493
2810,3.493,3.493
2811,3.493,3.493
2812,3.493,3.493
2813,3.493,3.493
2814,3.493,3.493
2815,3.493,3.493
2816,3.493,3.493
2817,3.493,3.493
2818,3.493,3.493
2819,3.493,3.493
2820,3.493,3.493
2821,3.493,3.493
2822,3.493,3.493
2823,3.493,3.493
2824,3.493,3.493
2825,3.493,3.493
2826,3.493,3.493
2827,3.493,3.493
2828,3.493,3.493
2829,3.493,3.493
2830,3.493,3.493
2831,3.493,3.493
2832,3.493,3.493
2833,3.493,3.493
2834,3.493,3.493
2835,3.493,3.493
2836,3.493,3.493
2837,3.493,3.493
2838,3.493,3.493
2839,3.493,3.493
2840,3.493,3.493
2841,3.493,3.493
2842,3.493,3.493
2843,3.493,3.493
2844,3.493,3.493
2845,3.493,3.493
2846,3.493,3.493
2847,3.493,3.493
2848,3.493,3.493
2849,3.493,3.493
2850,3.493,3.493
2851,3.493,3.493
2852,3.493,3.493
2853,3.493,3.493
2854,3.493,3.493
2855,3.493,3.493
2856,3.493,3.493
2857,3.493,3.493
2858,3.493,3.493
2859,3.493,3.493
2860,3.493,3.493
2861,3.493,3.493
2862,3.493,3.493
2863,3.493,3.493
2864,3.493,3.493
2865,3.493,3.493
2866,3.493,3.493
2867,3.493,3.493
2868,3.493,3.493
2869,3.493,3.493
2870,3.493,3.493
2871,3.493,3.493
2872,3.493,3.493
2873,3.493,3.493
2874,3.493,3.493
2875,3.493,3.493
2876,3.493,3.493
2877,3.493,3.493
2878,3.493,3.493
2879,3.493,3.493
2880,3.493,3.493
2881,3.493,3.493
2882,3.493,3.493
2883,3.493,3.493
2884,3.493,3.493
2885,3.493,3.493
2886,3.493,3.493
2887,3.493,3.493
2888,3.493,3.493
2889,3.493,3.493
2890,3.493,3.493
2891,3.493,3.493
2892,3.493,3.493
2893,3.493,3.493
2894,3.493,3.493
2895,3.493,3.493
2896,3.493,3.493
2897,3.493,3.493
2898,3.493,3.493
2899,3.493,3.493
2900,3.493,3.493
2901,3.493,3.493
2902,3.493,3.493
2903,3.493,3.493
2904,3.493,3.493
2905,3.493,3.493
2906,3.493,3.493
2907,3.493,3.493
2908,3.493,3.493
2909,3.493,3.493
2910,3.493,3.493
2911,3.493,3.493
2912,3.493,3.493
2913,3.493,3.493
2914,3.493,3.493
2915,3.493,3.493
2916,3.493,3.493
2917,3.493,3.493
2918,3.493,3.493
2919,3.493,3.493
2920,3.493,3.493
2921,3.493,3.493
2922,3.493,3.493
2923,3.493,3.493
2924,3.493,3.493
2925,3.493,3.493
2926,3.493,3.493
2927,3.493,3.493
2928,3.493,3.493
2929,3.493,3.493
2930,3.493,3.493
2931,3.493,3.493
2932,3.493,3.493
2933,3.493,3.493
2934,3.493,3.493
2935,3.493,3.493
2936,3.493,3.493
2937,3.493,3.493
2938,3.493,3.493
2939,3.493,3.493
2940,3.493,3.493
2941,3.493,3.493
2942,3.493,3.493
2943,3.493,3.493
2944,3.493,3.493
2945,3.493,3.493
2946,3.493,3.493
2947,3.493,3.493
2948,3.493,3.493
2949,3.493,3.493
2950,3.493,3.493
2951,3.493,3.493
2952,3.493,3.493
2953,3.493,3.493
2954,3.493,3.493
2955,3.493,3.493
2956,3.493,3.493
2957,3.493,3.493
2958,3.493,3.493
2959,3.493,3.493
2960,3.493,3.493
2961,3.493,3.493
2962,3.493,3.493
2963,3.493,3.493
2964,3.493,3.493
2965,3.493,3.493
2966,3.493,3.493
2967,3.493,3.493
2968,3.493,3.493
2969,3.493,3.493
2970,3.493,3.493
2971,3.493,3.493
2972,3.493,3.493
2973,3.493,3.493
2974,3.493,3.493
2975,3.493,3.493
2976,3.493,3.493
2977,3.493,3.493
2978,3.493,3.493
2979,3.493,3.493
2980,3.493,3.493
2981,3.493,3.493
2982,3.493,3.493
2983,3.493,3.493
2984,3.493,3.493
2985,3.493,3.493
2986,3.493,3.493
2987,3.493,3.493
2988,3.493,3.493
2989,3.493,3.493
2990,3.493,3.493
2991,3.493,3.493
2992,3.493,3.493
2993,3.493,3.493
2994,3.493,3.493
2995,3.493,3.493
2996,3.493,3.493
2997,3.493,3.493
2998,3.493,3.493
2999,3.493,3.493
3000,3.493,3.493
3001,3.493,3.493
3002,3.493,3.493
3003,3.493,3.493
3004,3.493,3.493
3005,3.493,3.493
3006,3.493,3.493
3007,3.493,3.493
3008,3.493,3.493
3009,3.493,3.493
3010,3.493,3.493
3011,3.493,3.493
3012,3.493,3.493
3013,3.493,3.493
3014,3.493,3.493
3015,3.493,3.493
3016,3.493,3.493
3017,3.493,3.493
3018,3.493,3.493
3019,3.493,3.493
3020,3.493,3.493
3021,3.493,3.493
3022,3.493,3.493
3023,3.493,3.493
3024,3.493,3.493
3025,3.493,3.493
3026,3.493,3.493
3027,3.493,3.493
3028,3.493,3.493
3029,3.493,3.493
3030,3.493,3.493
3031,3.493,3.493
3032,3.493,3.493
3033,3.493,3.493
3034,3.493,3.493
3035,3.493,3.493
3036,3.493,3.493
3037,3.493,3.493
3038,3.493,3.493
3039,3.493,3.493
3040,3.493,3.493
3041,3.493,3.493
3042,3.493,3.493
3043,3.493,3.493
3044,3.493,3.493
3045,3.493,3.493
3046,3.493,3.493
3047,3.493,3.493
3048,3.493,3.493
3049,3.493,3.493
3050,3.493,3.493
3051,3.493,3.493
3052,3.493,3.493
3053,3.493,3.493
3054,3.493,3.493
3055,3.493,3.493
3056,3.493,3.493
3057,3.493,3.493
3058,3.493,3.493
3059,3.493,3.493
3060,3.493,3.493
3061,3.493,3.493
3062,3.493,3.493
3063,3.493,3.493
3064,3.493,3.493
3065,3.493,3.493
3066,3.493,3.493
3067,3.493,3.493
3068,3.493,3.493
3069,3.493,3.493
3070,3.493,3.493
3071,3.493,3.493
3072,3.493,3.493
3073,3.493,3.493
3074,3.493,3.493
3075,3.493,3.493
3076,3.493,3.493
3077,3.493,3.493
3078,3.493,3.493
3079,3.493,3.493
3080,3.493,3.493
3081,3.493,3.493
3082,3.493,3.493
3083,3.493,3.493
3084,3.493,3.493
3085,3.493,3.493
3086,3.493,3.493
3087,3.493,3.493
3088,3.493,3.493
3089,3.493,3.493
3090,3.493,3.493
3091,3.493,3.493
3092,3.493,3.493
3093,3.493,3.493
3094,3.493,3.493
3095,3.493,3.493
3096,3.493,3.493
3097,3.493,3.493
3098,3.493,3.493
3099,3.493,3.493
3100,3.493,3.493
3101,3.493,3.493
3102,3.493,3.493
3103,3.493,3.493
3104,3.493,3.493
3105,3.493,3.493
3106,3.493,3.493
3107,3.493,3.493
3108,3.493,3.493
3109,3.493,3.493
3110,3.493,3.493
3111,3.493,3.493
3112,3.493,3.493
3113,3.493,3.493
3114,3.493,3.493
3115,3.493,3.493
3116,3.493,3.493
3117,3.493,3.493
3118,3.493,3.493
3119,3.493,3.493
3120,3.493,3.493
3121,3.493,3.493
3122,3.493,3.493
3123,3.493,3.493
3124,3.493,3.493
3125,3.493,3.493
3126,3.493,3.493
3127,3.493,3.493
3128,3.493,3.493
3129,3.493,3.493
3130,3.493,3.493
3131,3.493,3.493
3132,3.493,3.493
3133,3.493,3.493
3134,3.493,3.493
3135,3.493,3.493
3136,3.493,3.493
3137,3.493,3.493
3138,3.493,3.493
3139,3.493,3.493
3140,3.493,3.493
3141,3.493,3.493
3142,3.493,3.493
3143,3.493,3.493
3144,3.493,3.493
3145,3.493,3.493
3146,3.493,3.493
3147,3.493,3.493
3148,3.493,3.493
3149,3.493,3.493
3150,3.493,3.493
3151,3.493,3.493
3152,3.493,3.493
3153,3.493,3.493
3154,3.493,3.493
3155,3.493,3.493
3156,3.493,3.493
3157,3.493,3.493
3158,3.493,3.493
3159,3.493,3.493
3160,3.493,3.493
3161,3.493,3.493
3162,3.493,3.493
3163,3.493,3.493
3164,3.493,3.493
3165,3.493,3.493
3166,3.493,3.493
3167,3.493,3.493
3168,3.493,3.493
3169,3.493,3.493
3170,3.493,3.493
3171,3.493,3.493
3172,3.493,3.493
3173,3.493,3.493
3174,3.493,3.493
3175,3.493,3.493
3176,3.493,3.493
3177,3.493,3.493
3178,3.493,3.493
3179,3.493,3.493
3180,3.493,3.493
3181,3.493,3.493
3182,3.493,3.493
3183,3.493,3.493
3184,3.493,3.493
3185,3.493,3.493
3186,3.493,3.493
3187,3.493,3.493
3188,3.493,3.493
3189,3.493,3.493
3190,3.493,3.493
3191,3.493,3.493
3192,3.493,3.493
3193,3.493,3.493
3194,3.493,3.493
3195,3.493,3.493
3196,3.493,3.493
3197,3.493,3.493
3198,3.493,3.493
3199,3.493,3.493
3200,3.493,3.493
3201,3.493,3.493
3202,3.493,3.493
3203,3.493,3.493
3204,3.493,3.493
3205,3.493,3.493
3206,3.493,3.493
3207,3.493,3.493
3208,3.493,3.493
3209,3.493,3.493
3210,3.493,3.493
3211,3.493,3.493
3212,3.493,3.493
3213,3.493,3.493
3214,3.493,3.493
3215,3.493,3.493
3216,3.493,3.493
3217,3.493,3.493
3218,3.493,3.493
3219,3.493,3.493
3220,3.493,3.493
3221,3.493,3.493
3222,3.493,3.493
3223,3.493,3.493
3224,3.493,3.493
3225,3.493,3.493
3226,3.493,3.493
3227,3.493,3.493
3228,3.493,3.493
3229,3.493,3.493
3230,3.493,3.493
3231,3.493,3.493
3232,3.493,3.493
3233,3.493,3.493
3234,3.493,3.493
3235,3.493,3.493
3236,3.493,3.493
3237,3.493,3.493
3238,3.493,3.493
3239,3.493,3.493
3240,3.493,3.493
3241,3.493,3.493
3242,3.493,3.493
3243,3.493,3.493
3244,3.493,3.493
3245,3.493,3.493
3246,3.493,3.493
3247,3.493,3.493
3248,3.493,3.493
3249,3.493,3.493
3250,3.493,3.493
3251,3.493,3.493
3252,3.493,3.493
3253,3.493,3.493
3254,3.493,3.493
3255,3.493,3.493
3256,3.493,3.493
3257,3.493,3.493
3258,3.493,3.493
3259,3.493,3.493
3260,3.493,3.493
3261,3.493,3.493
3262,3.493,3.493
3263,3.493,3.493
3264,3.493,3.493
3265,3.493,3.493
3266,3.493,3.493
3267,3.493,3.493
3268,3.493,3.493
3269,3.493,3.493
3270,3.493,3.493
3271,3.493,3.493
3272,3.493,3.493
3273,3.493,3.493
3274,3.493,3.493
3275,3.493,3.493
3276,3.493,3.493
3277,3.493,3.493
3278,3.493,3.493
3279,3.493,3.493
3280,3.493,3.493
3281,3.493,3.493
3282,3.493,3.493
3283,3.493,3.493
3284,3.493,3.493
3285,3.493,3.493
3286,3.493,3.493
3287,3.493,3.493
3288,3.493,3.493
3289,3.493,3.493
3290,3.493,3.493
3291,3.493,3.493
3292,3.493,3.493
3293,3.493,3.493
3294,3.493,3.493
3295,3.493,3.493
3296,3.493,3.493
3297,3.493,3.493
3298,3.493,3.493
3299,3.493,3.493
3300,3.493,3.493
3301,3.493,3.493
3302,3.493,3.493
3303,3.493,3.493
3304,3.493,3.493
3305,3.493,3.493
3306,3.493,3.493
3307,3.493,3.493
3308,3.493,3.493
3309,3.493,3.493
3310,3.493,3.493
3311,3.493,3.493
3312,3.493,3.493
3313,3.493,3.493
3314,3.493,3.493
3315,3.493,3.493
3316,3.493,3.493
3317,3.493,3.493
3318,3.493,3.493
3319,3.493,3.493
3320,3.493,3.493
3321,3.493,3.493
3322,3.493,3.493
3323,3.493,3.493
3324,3.493,3.493
3325,3.493,3.493
3326,3.493,3.493
3327,3.493,3.493
3328,3.493,3.493
3329,3.493,3.493
3330,3.493,3.493
3331,3.493,3.493
3332,3.493,3.493
3333,3.493,3.493
3334,3.493,3.493
3335,3.493,3.493
3336,3.493,3.493
3337,3.493,3.493
3338,3.493,3.493
3339,3.493,3.493
3340,3.493,3.493
3341,3.493,3.493
3342,3.493,3.493
3343,3.493,3.493
3344,3.493,3.493
3345,3.493,3.493
3346,3.493,3.493
3347,3.493,3.493
3348,3.493,3.493
3349,3.493,3.493
3350,3.493,3.493
3351,3.493,3.493
3352,3.493,3.493
3353,3.493,3.493
3354,3.493,3.493
3355,3.493,3.493
3356,3.493,3.493
3357,3.493,3.493
3358,3.493,3.493
3359,3.493,3.493
3360,3.493,3.493
3361,3.493,3.493
3362,3.493,3.493
3363,3.493,3.493
3364,3.493,3.493
3365,3.493,3.493
3366,3.493,3.493
3367,3.493,3.493
3368,3.493,3.493
3369,3.493,3.493
3370,3.493,3.493
3371,3.493,3.493
3372,3.493,3.493
3373,3.493,3.493
3374,3.493,3.493
3375,3.493,3.493
3376,3.493,3.493
3377,3.493,3.493
3378,3.493,3.493
3379,3.493,3.493
3380,3.493,3.493
3381,3.493,3.493
3382,3.493,3.493
3383,3.493,3.493
3384,3.493,3.493
3385,3.493,3.493
3386,3.493,3.493
3387,3.493,3.493
3388,3.493,3.493
3389,3.493,3.493
3390,3.493,3.493
3391,3.493,3.493
3392,3.493,3.493
3393,3.493,3.493
3394,3.493,3.493
3395,3.493,3.493
3396,3.493,3.493
3397,3.493,3.493
3398,3.493,3.493
3399,3.493,3.493
3400,3.493,3.493
3401,3.493,3.493
3402,3.493,3.493
3403,3.493,3.493
3404,3.493,3.493
3405,3.493,3.493
3406,3.493,3.493
3407,3.493,3.493
3408,3.493,3.493
3409,3.493,3.493
3410,3.493,3.493
3411,3.493,3.493
3412,3.493,3.493
3413,3.493,3.493
3414,3.493,3.493
3415,3.493,3.493
3416,3.493,3.493
3417,3.493,3.493
3418,3.493,3.493
3419,3.493,3.493
3420,3.493,3.493
3421,3.493,3.493
3422,3.493,3.493
3423,3.493,3.493
3424,3.493,3.493
3425,3.493,3.493
3426,3.493,3.493
3427,3.493,3.493
3428,3.493,3.493
3429,3.493,3.493
3430,3.493,3.493
3431,3.493,3.493
3432,3.493,3.493
3433,3.493,3.493
3434,3.493,3.493
3435,3.493,3.493
3436,3.493,3.493
3437,3.493,3.493
3438,3.493,3.493
3439,3.493,3.493
3440,3.493,3.493
3441,3.493,3.493
3442,3.493,3.493
3443,3.493,3.493
3444,3.493,3.493
3445,3.493,3.493
3446,3.493,3.493
3447,3.493,3.493
3448,3.493,3.493
3449,3.493,3.493
3450,3.493,3.493
3451,3.493,3.493
3452,3.493,3.493
3453,3.493,3.493
3454,3.493,3.493
3455,3.493,3.493
3456,3.493,3.493
3457,3.493,3.493
3458,3.493,3.493
3459,3.493,3.493
3460,3.493,3.493
3461,3.493,3.493
3462,3.493,3.493
3463,3.493,3.493
3464,3.493,3.493
3465,3.493,3.493
3466,3.493,3.493
3467,3.493,3.493
3468,3.493,3.493
3469,3.493,3.493
3470,3.493,3.493
3471,3.493,3.493
3472,3.493,3.493
3473,3.493,3.493
3474,3.493,3.493
3475,3.493,3.493
3476,3.493,3.493
3477,3.493,3.493
3478,3.493,3.493
3479,3.493,3.493
3480,3.493,3.493
3481,3.493,3.493
3482,3.493,3.493
3483,3.493,3.493
3484,3.493,3.493
3485,3.493,3.493
3486,3.493,3.493
3487,3.493,3.493
3488,3.493,3.493
3489,3.493,3.493
3490,3.493,3.493
3491,3.493,3.493
3492,3.493,3.493
3493,3.493,3.493
3494,3.493,3.493
3495,3.493,3.493
3496,3.493,3.493
3497,3.493,3.493
3498,3.493,3.493
3499,3.493,3.493
3500,3.493,3.493
3501,3.493,3.493
3502,3.493,3.493
3503,3.493,3.493
3504,3.493,3.493
3505,3.493,3.493
3506,3.493,3.493
3507,3.493,3.493
3508,3.493,3.493
3509,3.493,3.493
3510,3.493,3.493
3511,3.493,3.493
3512,3.493,3.493
3513,3.493,3.493
3514,3.493,3.493
3515,3.493,3.493
3516,3.493,3.493
3517,3.493,3.493
3518,3.493,3.493
3519,3.493,3.493
3520,3.493,3.493
3521,3.493,3.493
3522,3.493,3.493
3523,3.493,3.493
3524,3.493,3.493
3525,3.493,3.493
3526,3.493,3.493
3527,3.493,3.493
3528,3.493,3.493
3529,3.493,3.493
3530,3.493,3.493
3531,3.493,3.493
3532,3.493,3.493
3533,3.493,3.493
3534,3.493,3.493
3535,3.493,3.493
3536,3.493,3.493
3537,3.493,3.493
3538,3.493,3.493
3539,3.493,3.493
3540,3.493,3.493
3541,3.493,3.493
3542,3.493,3.493
3543,3.493,3.493
3544,3.493,3.493
3545,3.493,3.493
3546,3.493,3.493
3547,3.493,3.493
3548,3.493,3.493
3549,3.493,3.493
3550,3.493,3.493
3551,3.493,3.493
3552,3.493,3.493
3553,3.493,3.493
3554,3.493,3.493
3555,3.493,3.493
3556,3.493,3.493
3557,3.493,3.493
3558,3.493,3.493
3559,3.493,3.493
3560,3.493,3.493
3561,3.493,3.493
3562,3.493,3.493
3563,3.493,3.493
3564,3.493,3.493
3565,3.493,3.493
3566,3.493,3.493
3567,3.493,3.493
3568,3.493,3.493
3569,3.493,3.493
3570,3.493,3.493
3571,3.493,3.493
3572,3.493,3.493
3573,3.493,3.493
3574,3.493,3.493
3575,3.493,3.493
3576,3.493,3.493
3577,3.493,3.493
3578,3.493,3.493
3579,3.493,3.493
3580,3.493,3.493
3581,3.493,3.493
3582,3.493,3.493
3583,3.493,3.493
3584,3.493,3.493
3585,3.493,3.493
3586,3.493,3.493
3587,3.493,3.493
3588,3.493,3.493
3589,3.493,3.493
3590,3.493,3.493
3591,3.493,3.493
3592,3.493,3.493
3593,3.493,3.493
3594,3.493,3.493
3595,3.493,3.493
3596,3.493,3.493
3597,3.493,3.493
3598,3.493,3.493
3599,3.493,3.493
3600,3.493,3.493
3601,3.493,3.493
3602,3.493,3.493
3603,3.493,3.493
3604,3.493,3.493
3605,3.493,3.493
3606,3.493,3.493
3607,3.493,3.493
3608,3.493,3.493
3609,3.493,3.493
3610,3.493,3.493
3611,3.493,3.493
3612,3.493,3.493
3613,3.493,3.493
3614,3.493,3.493
3615,3.493,3.493
3616,3.493,3.493
3617,3.493,3.493
3618,3.493,3.493
3619,3.493,3.493
3620,3.493,3.493
3621,3.493,3.493
3622,3.493,3.493
3623,3.493,3.493
3624,3.493,3.493
3625,3.493,3.493
3626,3.493,3.493
3627,3.493,3.493
3628,3.493,3.493
3629,3.493,3.493
3630,3.493,3.493
3631,3.493,3.493
3632,3.493,3.493
3633,3.493,3.493
3634,3.493,3.493
3635,3.493,3.493
3636,3.493,3.493
3637,3.493,3.493
3638,3.493,3.493
3639,3.493,3.493
3640,3.493,3.493
3641,3.493,3.493
3642,3.493,3.493
3643,3.493,3.493
3644,3.493,3.493
3645,3.493,3.493
3646,3.493,3.493
3647,3.493,3.493
3648,3.493,3.493
3649,3.493,3.493
3650,3.493,3.493
3651,3.493,3.493
3652,3.493,3.493
3653,3.493,3.493
3654,3.493,3.493
3655,3.493,3.493
3656,3.493,3.493
3657,3.493,3.493
3658,3.493,3.493
3659,3.493,3.493
3660,3.493,3.493
3661,3.493,3.493
3662,3.493,3.493
3663,3.493,3.493
3664,3.493,3.493
3665,3.493,3.493
3666,3.493,3.493
3667,3.493,3.493
3668,3.493,3.493
3669,3.493,3.493
3670,3.493,3.493
3671,3.493,3.493
3672,3.493,3.493
3673,3.493,3.493
3674,3.493,3.493
3675,3.493,3.493
3676,3.493,3.493
3677,3.493,3.493
3678,3.493,3.493
3679,3.493,3.493
3680,3.493,3.493
3681,3.493,3.493
3682,3.493,3.493
3683,3.493,3.493
3684,3.493,3.493
3685,3.493,3.493
3686,3.493,3.493
3687,3.493,3.493
3688,3.493,3.493
3689,3.493,3.493
3690,3.493,3.493
3691,3.493,3.493
3692,3.493,3.493
3693,3.493,3.493
3694,3.493,3.493
3695,3.493,3.493
3696,3.493,3.493
3697,3.493,3.493
3698,3.493,3.493
3699,3.493,3.493
3700,3.493,3.493
3701,3.493,3.493
3702,3.493,3.493
3703,3.493,3.493
3704,3.493,3.493
3705,3.493,3.493
3706,3.493,3.493
3707,3.493,3.493
3708,3.493,3.493
3709,3.493,3.493
3710,3.493,3.493
3711,3.493,3.493
3712,3.493,3.493
3713,3.493,3.493
3714,3.493,3.493
3715,3.493,3.493
3716,3.493,3.493
3717,3.493,3.493
3718,3.493,3.493
3719,3.493,3.493
3720,3.493,3.493
3721,3.493,3.493
3722,3.493,3.493
3723,3.493,3.493
3724,3.493,3.493
3725,3.493,3.493
3726,3.493,3.493
3727,3.493,3.493
3728,3.493,3.493
3729,3.493,3.493
3730,3.493,3.493
3731,3.493,3.493
3732,3.493,3.493
3733,3.493,3.493
3734,3.493,3.493
3735,3.493,3.493
3736,3.493,3.493
3737,3.493,3.493
3738,3.493,3.493
3739,3.493,3.493
3740,3.493,3.493
3741,3.493,3.493
3742,3.493,3.493
3743,3.493,3.493
3744,3.493,3.493
3745,3.493,3.493
3746,3.493,3.493
3747,3.493,3.493
3748,3.493,3.493
3749,3.493,3.493
3750,3.493,3.493
3751,3.493,3.493
3752,3.493,3.493
3753,3.493,3.493
3754,3.493,3.493
3755,3.493,3.493
3756,3.493,3.493
3757,3.493,3.493
3758,3.493,3.493
3759,3.493,3.493
3760,3.493,3.493
3761,3.493,3.493
3762,3.493,3.493
3763,3.493,3.493
3764,3.493,3.493
3765,3.493,3.493
3766,3.493,3.493
3767,3.493,3.493
3768,3.493,3.493
3769,3.493,3.493
3770,3.493,3.493
3771,3.493,3.493
3772,3.493,3.493
3773,3.493,3.493
3774,3.493,3.493
3775,3.493,3.493
3776,3.493,3.493
3777,3.493,3.493
3778,3.493,3.493
3779,3.493,3.493
3780,3.493,3.493
3781,3.493,3.493
3782,3.493,3.493
3783,3.493,3.493
3784,3.493,3.493
3785,3.493,3.493
3786,3.493,3.493
3787,3.493,3.493
3788,3.493,3.493
3789,3.493,3.493
3790,3.493,3.493
3791,3.493,3.493
3792,3.493,3.493
3793,3.493,3.493
3794,3.493,3.493
3795,3.493,3.493
3796,3.493,3.493
3797,3.493,3.493
3798,3.493,3.493
3799,3.493,3.493
3800,3.493,3.493
3801,3.493,3.493
3802,3.493,3.493
3803,3.493,3.493
3804,3.493,3.493
3805,3.493,3.493
3806,3.493,3.493
3807,3.493,3.493
3808,3.493,3.493
3809,3.493,3.493
3810,3.493,3.493
3811,3.493,3.493
3812,3.493,3.493
3813,3.493,3.493
3814,3.493,3.493
3815,3.493,3.493
3816,3.493,3.493
3817,3.493,3.493
3818,3.493,3.493
3819,3.493,3.493
3820,3.493,3.493
3821,3.493,3.493
3822,3.493,3.493
3823,3.493,3.493
3824,3.493,3.493
3825,3.493,3.493
3826,3.493,3.493
3827,3.493,3.493
3828,3.493,3.493
3829,3.493,3.493
3830,3.493,3.493
3831,3.493,3.493
3832,3.493,3.493
3833,3.493,3.493
3834,3.493,3.493
3835,3.493,3.493
3836,3.493,3.493
3837,3.493,3.493
3838,3.493,3.493
3839,3.493,3.493
3840,3.493,3.493
3841,3.493,3.493
3842,3.493,3.493
3843,3.493,3.493
3844,3.493,3.493
3845,3.493,3.493
3846,3.493,3.493
3847,3.493,3.493
3848,3.493,3.493
3849,3.493,3.493
3850,3.493,3.493
3851,3.493,3.493
3852,3.493,3.493
3853,3.493,3.493
3854,3.493,3.493
3855,3.493,3.493
3856,3.493,3.493
3857,3.493,3.493
3858,3.493,3.493
3859,3.493,3.493
3860,3.493,3.493
3861,3.493,3.493
3862,3.493,3.493
3863,3.493,3.493
3864,3.493,3.493
3865,3.493,3.493
3866,3.493,3.493
3867,3.493,3.493
3868,3.493,3.493
3869,3.493,3.493
3870,3.493,3.493
3871,3.493,3.493
3872,3.493,3.493
3873,3.493,3.493
3874,3.493,3.493
3875,3.493,3.493
3876,3.493,3.493
3877,3.493,3.493
3878,3.493,3.493
3879,3.493,3.493
3880,3.493,3.493
3881,3.493,3.493
3882,3.493,3.493
3883,3.493,3.493
3884,3.493,3.493
3885,3.493,3.493
3886,3.493,3.493
3887,3.493,3.493
3888,3.493,3.493
3889,3.493,3.493
3890,3.493,3.493
3891,3.493,3.493
3892,3.493,3.493
3893,3.493,3.493
3894,3.493,3.493
3895,3.493,3.493
3896,3.493,3.493
3897,3.493,3.493
3898,3.493,3.493
3899,3.493,3.493
3900,3.493,3.493
3901,3.493,3.493
3902,3.493,3.493
3903,3.493,3.493
3904,3.493,3.493
3905,3.493,3.493
3906,3.493,3.493
3907,3.493,3.493
3908,3.493,3.493
3909,3.493,3.493
3910,3.493,3.493
3911,3.493,3.493
3912,3.493,3.493
3913,3.493,3.493
3914,3.493,3.493
3915,3.493,3.493
3916,3.493,3.493
3917,3.493,3.493
3918,3.493,3.493
3919,3.493,3.493
3920,3.493,3.493
3921,3.493,3.493
3922,3.493,3.493
3923,3.493,3.493
3924,3.493,3.493
3925,3.493,3.493
3926,3.493,3.493
3927,3.493,3.493
3928,3.493,3.493
3929,3.493,3.493
3930,3.493,3.493
3931,3.493,3.493
3932,3.493,3.493
3933,3.493,3.493
3934,3.493,3.493
3935,3.493,3.493
3936,3.493,3.493
3937,3.493,3.493
3938,3.493,3.493
3939,3.493,3.493
3940,3.493,3.493
3941,3.493,3.493
3942,3.493,3.493
3943,3.493,3.493
3944,3.493,3.493
3945,3.493,3.493
3946,3.493,3.493
3947,3.493,3.493
3948,3.493,3.493
3949,3.493,3.493
3950,3.493,3.493
3951,3.493,3.493
3952,3.493,3.493
3953,3.493,3.493
3954,3.493,3.493
3955,3.493,3.493
3956,3.493,3.493
3957,3.493,3.493
3958,3.493,3.493
3959,3.493,3.493
3960,3.493,3.493
3961,3.493,3.493
3962,3.493,3.493
3963,3.493,3.493
3964,3.493,3.493
3965,3.493,3.493
3966,3.493,3.493
3967,3.493,3.493
3968,3.493,3.493
3969,3.493,3.493
3970,3.493,3.493
3971,3.493,3.493
3972,3.493,3.493
3973,3.493,3.493
3974,3.493,3.493
3975,3.493,3.493
3976,3.493,3.493
3977,3.493,3.493
3978,3.493,3.493
3979,3.493,3.493
3980,3.493,3.493
3981,3.493,3.493
3982,3.493,3.493
3983,3.493,3.493
3984,3.493,3.493
3985,3.493,3.493
3986,3.493,3.493
3987,3.493,3.493
3988,3.493,3.493
3989,3.493,3.493
3990,3.493,3.493
3991,3.493,3.493
3992,3.493,3.493
3993,3.493,3.493
3994,3.493,3.493
3995,3.493,3.493
3996,3.493,3.493
3997,3.493,3.493
3998,3.493,3.493
3999,3.493,3.493
4000,3.493,3.493
4001,3.493,3.493
4002,3.493,3.493
4003,3.493,3.493
4004,3.493,3.493
4005,3.493,3.493
4006,3.493,3.493
4007,3.493,3.493
4008,3.493,3.493
4009,3.493,3.493
4010,3.493,3.493
4011,3.493,3.493
4012,3.493,3.493
4013,3.493,3.493
4014,3.493,3.493
4015,3.493,3.493
4016,3.493,3.493
4017,3.493,3.493
4018,3.493,3.493
4019,3.493,3.493
4020,3.493,3.493
4021,3.493,3.493
4022,3.493,3.493
4023,3.493,3.493
4024,3.493,3.493
4025,3.493,3.493
4026,3.493,3.493
4027,3.493,3.493
4028,3.493,3.493
4029,3.493,3.493
4030,3.493,3.493
4031,3.493,3.493
4032,3.493,3.493
4033,3.493,3.493
4034,3.493,3.493
4035,3.493,3.493
4036,3.493,3.493
4037,3.493,3.493
4038,3.493,3.493
4039,3.493,3.493
4040,3.493,3.493
4041,3.493,3.493
4042,3.493,3.493
4043,3.493,3.493
4044,3.493,3.493
4045,3.493,3.493
4046,3.493,3.493
4047,3.493,3.493
4048,3.493,3.493
4049,3.493,3.493
4050,3.493,3.493
4051,3.493,3.493
4052,3.493,3.493
4053,3.493,3.493
4054,3.493,3.493
4055,3.493,3.493
4056,3.493,3.493
4057,3.493,3.493
4058,3.493,3.493
4059,3.493,3.493
4060,3.493,3.493
4061,3.493,3.493
4062,3.493,3.493
4063,3.493,3.493
4064,3.493,3.493
4065,3.493,3.493
4066,3.493,3.493
4067,3.493,3.493
4068,3.493,3.493
4069,3.493,3.493
4070,3.493,3.493
4071,3.493,3.493
4072,3.493,3.493
4073,3.493,3.493
4074,3.493,3.493
4075,3.493,3.493
4076,3.493,3.493
4077,3.493,3.493
4078,3.493,3.493
4079,3.493,3.493
4080,3.493,3.493
4081,3.493,3.493
4082,3.493,3.493
4083,3.493,3.493
4084,3.493,3.493
4085,3.493,3.493
4086,3.493,3.493
4087,3.493,3.493
4088,3.493,3.493
4089,3.493,3.493
4090,3.493,3.493
4091,3.493,3.493
4092,3.493,3.493
4093,3.493,3.493
4094,3.493,3.493
4095,3.493,3.493
4096,3.493,3.493
4097,3.493,3.493
4098,3.493,3.493
4099,3.493,3.493
4100,3.493,3.493
4101,3.493,3.493
4102,3.493,3.493
4103,3.493,3.493
4104,3.493,3.493
4105,3.493,3.493
4106,3.493,3.493
4107,3.493,3.493
4108,3.493,3.493
4109,3.493,3.493
4110,3.493,3.493
4111,3.493,3.493
4112,3.493,3.493
4113,3.493,3.493
4114,3.493,3.493
4115,3.493,3.493
4116,3.493,3.493
4117,3.493,3.493
4118,3.493,3.493
4119,3.493,3.493
4120,3.493,3.493
4121,3.493,3.493
4122,3.493,3.493
4123,3.493,3.493
4124,3.493,3.493
4125,3.493,3.493
4126,3.493,3.493
4127,3.493,3.493
4128,3.493,3.493
4129,3.493,3.493
4130,3.493,3.493
4131,3.493,3.493
4132,3.493,3.493
4133,3.493,3.493
4134,3.493,3.493
4135,3.493,3.493
4136,3.493,3.493
4137,3.493,3.493
4138,3.493,3.493
4139,3.493,3.493
4140,3.493,3.493
4141,3.493,3.493
4142,3.493,3.493
4143,3.493,3.493
4144,3.493,3.493
4145,3.493,3.493
4146,3.493,3.493
4147,3.493,3.493
4148,3.493,3.493
4149,3.493,3.493
4150,3.493,3.493
4151,3.493,3.493
4152,3.493,3.493
4153,3.493,3.493
4154,3.493,3.493
4155,3.493,3.493
4156,3.493,3.493
4157,3.493,3.493
4158,3.493,3.493
4159,3.493,3.493
4160,3.493,3.493
4161,3.493,3.493
4162,3.493,3.493
4163,3.493,3.493
4164,3.493,3.493
4165,3.493,3.493
4166,3.493,3.493
4167,3.493,3.493
4168,3.493,3.493
4169,3.493,3.493
4170,3.493,3.493
4171,3.493,3.493
4172,3.493,3.493
4173,3.493,3.493
4174,3.493,3.493
4175,3.493,3.493
4176,3.493,3.493
4177,3.493,3.493
4178,3.493,3.493
4179,3.493,3.493
4180,3.493,3.493
4181,3.493,3.493
4182,3.493,3.493
4183,3.493,3.493
4184,3.493,3.493
4185,3.493,3.493
4186,3.493,3.493
4187,3.493,3.493
4188,3.493,3.493
4189,3.493,3.493
4190,3.493,3.493
4191,3.493,3.493
4192,3.493,3.493
4193,3.493,3.493
4194,3.493,3.493
4195,3.493,3.493
4196,3.493,3.493
4197,3.493,3.493
4198,3.493,3.493
4199,3.493,3.493
4200,3.493,3.493
4201,3.493,3.493
4202,3.493,3.493
4203,3.493,3.493
4204,3.493,3.493
4205,3.493,3.493
4206,3.493,3.493
4207,3.493,3.493
4208,3.493,3.493
4209,3.493,3.493
4210,3.493,3.493
4211,3.493,3.493
4212,3.493,3.493
4213,3.493,3.493
4214,3.493,3.493
4215,3.493,3.493
4216,3.493,3.493
4217,3.493,3.493
4218,3.493,3.493
4219,3.493,3.493
4220,3.493,3.493
4221,3.493,3.493
4222,3.493,3.493
4223,3.493,3.493
4224,3.493,3.493
4225,3.493,3.493
4226,3.493,3.493
4227,3.493,3.493
4228,3.493,3.493
4229,3.493,3.493
4230,3.493,3.493
4231,3.493,3.493
4232,3.493,3.493
4233,3.493,3.493
4234,3.493,3.493
4235,3.493,3.493
4236,3.493,3.493
4237,3.493,3.493
4238,3.493,3.493
4239,3.493,3.493
4240,3.493,3.493
4241,3.493,3.493
4242,3.493,3.493
4243,3.493,3.493
4244,3.493,3.493
4245,3.493,3.493
4246,3.493,3.493
4247,3.493,3.493
4248,3.493,3.493
4249,3.493,3.493
4250,3.493,3.493
4251,3.493,3.493
4252,3.493,3.493
4253,3.493,3.493
4254,3.493,3.493
4255,3.493,3.493
4256,3.493,3.493
4257,3.493,3.493
4258,3.493,3.493
4259,3.493,3.493
4260,3.493,3.493
4261,3.493,3.493
4262,3.493,3.493
4263,3.493,3.493
4264,3.493,3.493
4265,3.493,3.493
4266,3.493,3.493
4267,3.493,3.493
4268,3.493,3.493
4269,3.493,3.493
4270,3.493,3.493
4271,3.493,3.493
4272,3.493,3.493
4273,3.493,3.493
4274,3.493,3.493
4275,3.493,3.493
4276,3.493,3.493
4277,3.493,3.493
4278,3.493,3.493
4279,3.493,3.493
4280,3.493,3.493
4281,3.493,3.493
4282,3.493,3.493
4283,3.493,3.493
4284,3.493,3.493
4285,3.493,3.493
4286,3.493,3.493
4287,3.493,3.493
4288,3.493,3.493
4289,3.493,3.493
4290,3.493,3.493
4291,3.493,3.493
4292,3.493,3.493
4293,3.493,3.493
4294,3.493,3.493
4295,3.493,3.493
4296,3.493,3.493
4297,3.493,3.493
4298,3.493,3.493
4299,3.493,3.493
4300,3.493,3.493
4301,3.493,3.493
4302,3.493,3.493
4303,3.493,3.493
4304,3.493,3.493
4305,3.493,3.493
4306,3.493,3.493
4307,3.493,3.493
4308,3.493,3.493
4309,3.493,3.493
4310,3.493,3.493
4311,3.493,3.493
4312,3.493,3.493
4313,3.493,3.493
4314,3.493,3.493
4315,3.493,3.493
4316,3.493,3.493
4317,3.493,3.493
4318,3.493,3.493
4319,3.493,3.493
4320,3.493,3.493
4321,3.493,3.493
4322,3.493,3.493
4323,3.493,3.493
4324,3.493,3.493
4325,3.493,3.493
4326,3.493,3.493
4327,3.493,3.493
4328,3.493,3.493
4329,3.493,3.493
4330,3.493,3.493
4331,3.493,3.493
4332,3.493,3.493
4333,3.493,3.493
4334,3.493,3.493
4335,3.493,3.493
4336,3.493,3.493
4337,3.493,3.493
4338,3.493,3.493
4339,3.493,3.493
4340,3.493,3.493
4341,3.493,3.493
4342,3.493,3.493
4343,3.493,3.493
4344,3.493,3.493
4345,3.493,3.493
4346,3.493,3.493
4347,3.493,3.493
4348,3.493,3.493
4349,3.493,3.493
4350,3.493,3.493
4351,3.493,3.493
4352,3.493,3.493
4353,3.493,3.493
4354,3.493,3.493
4355,3.493,3.493
4356,3.493,3.493
4357,3.493,3.493
4358,3.493,3.493
4359,3.493,3.493
4360,3.493,3.493
4361,3.493,3.493
4362,3.493,3.493
4363,3.493,3.493
4364,3.493,3.493
4365,3.493,3.493
4366,3.493,3.493
4367,3.493,3.493
4368,3.493,3.493
4369,3.493,3.493
4370,3.493,3.493
4371,3.493,3.493
4372,3.493,3.493
4373,3.493,3.493
4374,3.493,3.493
4375,3.493,3.493
4376,3.493,3.493
4377,3.493,3.493
4378,3.493,3.493
4379,3.493,3.493
4380,3.493,3.493
4381,3.493,3.493
4382,3.493,3.493
4383,3.493,3.493
4384,3.493,3.493
4385,3.493,3.493
4386,3.493,3.493
4387,3.493,3.493
4388,3.493,3.493
4389,3.493,3.493
4390,3.493,3.493
4391,3.493,3.493
4392,3.493,3.493
4393,3.493,3.493
4394,3.493,3.493
4395,3.493,3.493
4396,3.493,3.493
4397,3.493,3.493
4398,3.493,3.493
4399,3.493,3.493
4400,3.493,3.493
4401,3.493,3.493
4402,3.493,3.493
4403,3.493,3.493
4404,3.493,3.493
4405,3.493,3.493
4406,3.493,3.493
4407,3.493,3.493
4408,3.493,3.493
4409,3.493,3.493
4410,3.493,3.493
4411,3.493,3.493
4412,3.493,3.493
4413,3.493,3.493
4414,3.493,3.493
4415,3.493,3.493
4416,3.493,3.493
4417,3.493,3.493
4418,3.493,3.493
4419,3.493,3.493
4420,3.493,3.493
4421,3.493,3.493
4422,3.493,3.493
4423,3.493,3.493
4424,3.493,3.493
4425,3.493,3.493
4426,3.493,3.493
4427,3.493,3.493
4428,3.493,3.493
4429,3.493,3.493
4430,3.493,3.493
4431,3.493,3.493
4432,3.493,3.493
4433,3.493,3.493
4434,3.493,3.493
4435,3.493,3.493
4436,3.493,3.493
4437,3.493,3.493
4438,3.493,3.493
4439,3.493,3.493
4440,3.493,3.493
4441,3.493,3.493
4442,3.493,3.493
4443,3.493,3.493
4444,3.493,3.493
4445,3.493,3.493
4446,3.493,3.493
4447,3.493,3.493
4448,3.493,3.493
4449,3.493,3.493
4450,3.493,3.493
4451,3.493,3.493
4452,3.493,3.493
4453,3.493,3.493
4454,3.493,3.493
4455,3.493,3.493
4456,3.493,3.493
4457,3.493,3.493
4458,3.493,3.493
4459,3.493,3.493
4460,3.493,3.493
4461,3.493,3.493
4462,3.493,3.493
4463,3.493,3.493
4464,3.493,3.493
4465,3.493,3.493
4466,3.493,3.493
4467,3.493,3.493
4468,3.493,3.493
4469,3.493,3.493
4470,3.493,3.493
4471,3.493,3.493
4472,3.493,3.493
4473,3.493,3.493
4474,3.493,3.493
4475,3.493,3.493
4476,3.493,3.493
4477,3.493,3.493
4478,3.493,3.493
4479,3.493,3.493
4480,3.493,3.493
4481,3.493,3.493
4482,3.493,3.493
4483,3.493,3.493
4484,3.493,3.493
4485,3.493,3.493
4486,3.493,3.493
4487,3.493,3.493
4488,3.493,3.493
4489,3.493,3.493
4490,3.493,3.493
4491,3.493,3.493
4492,3.493,3.493
4493,3.493,3.493
4494,3.493,3.493
4495,3.493,3.493
4496,3.493,3.493
4497,3.493,3.493
4498,3.493,3.493
4499,3.493,3.493
4500,3.493,3.493
4501,3.493,3.493
4502,3.493,3.493
4503,3.493,3.493
4504,3.493,3.493
4505,3.493,3.493
4506,3.493,3.493
4507,3.493,3.493
4508,3.493,3.493
4509,3.493,3.493
4510,3.493,3.493
4511,3.493,3.493
4512,3.493,3.493
4513,3.493,3.493
4514,3.493,3.493
4515,3.493,3.493
4516,3.493,3.493
4517,3.493,3.493
4518,3.493,3.493
4519,3.493,3.493
4520,3.493,3.493
4521,3.493,3.493
4522,3.493,3.493
4523,3.493,3.493
4524,3.493,3.493
4525,3.493,3.493
4526,3.493,3.493
4527,3.493,3.493
4528,3.493,3.493
4529,3.493,3.493
4530,3.493,3.493
4531,3.493,3.493
4532,3.493,3.493
4533,3.493,3.493
4534,3.493,3.493
4535,3.493,3.493
4536,3.493,3.493
4537,3.493,3.493
4538,3.493,3.493
4539,3.493,3.493
4540,3.493,3.493
4541,3.493,3.493
4542,3.493,3.493
4543,3.493,3.493
4544,3.493,3.493
4545,3.493,3.493
4546,3.493,3.493
4547,3.493,3.493
4548,3.493,3.493
4549,3.493,3.493
4550,3.493,3.493
4551,3.493,3.493
4552,3.493,3.493
4553,3.493,3.493
4554,3.493,3.493
4555,3.493,3.493
4556,3.493,3.493
4557,3.493,3.493
4558,3.493,3.493
4559,3.493,3.493
4560,3.493,3.493
4561,3.493,3.493
4562,3.493,3.493
4563,3.493,3.493
4564,3.493,3.493
4565,3.493,3.493
4566,3.493,3.493
4567,3.493,3.493
4568,3.493,3.493
4569,3.493,3.493
4570,3.493,3.493
4571,3.493,3.493
4572,3.493,3.493
4573,3.493,3.493
4574,3.493,3.493
4575,3.493,3.493
4576,3.493,3.493
4577,3.493,3.493
4578,3.493,3.493
4579,3.493,3.493
4580,3.493,3.493
4581,3.493,3.493
4582,3.493,3.493
4583,3.493,3.493
4584,3.493,3.493
4585,3.493,3.493
4586,3.493,3.493
4587,3.493,3.493
4588,3.493,3.493
4589,3.493,3.493
4590,3.493,3.493
4591,3.493,3.493
4592,3.493,3.493
4593,3.493,3.493
4594,3.493,3.493
4595,3.493,3.493
4596,3.493,3.493
4597,3.493,3.493
4598,3.493,3.493
4599,3.493,3.493
4600,3.493,3.493
4601,3.493,3.493
4602,3.493,3.493
4603,3.493,3.493
4604,3.493,3.493
4605,3.493,3.493
4606,3.493,3.493
4607,3.493,3.493
4608,3.493,3.493
4609,3.493,3.493
4610,3.493,3.493
4611,3.493,3.493
4612,3.493,3.493
4613,3.493,3.493
4614,3.493,3.493
4615,3.493,3.493
4616,3.493,3.493
4617,3.493,3.493
4618,3.493,3.493
4619,3.493,3.493
4620,3.493,3.493
4621,3.493,3.493
4622,3.493,3.493
4623,3.493,3.493
4624,3.493,3.493
4625,3.493,3.493
4626,3.493,3.493
4627,3.493,3.493
4628,3.493,3.493
4629,3.493,3.493
4630,3.493,3.493
4631,3.493,3.493
4632,3.493,3.493
4633,3.493,3.493
4634,3.493,3.493
4635,3.493,3.493
4636,3.493,3.493
4637,3.493,3.493
4638,3.493,3.493
4639,3.493,3.493
4640,3.493,3.493
4641,3.493,3.493
4642,3.493,3.493
4643,3.493,3.493
4644,3.493,3.493
4645,3.493,3.493
4646,3.493,3.493
4647,3.493,3.493
4648,3.493,3.493
4649,3.493,3.493
4650,3.493,3.493
4651,3.493,3.493
4652,3.493,3.493
4653,3.493,3.493
4654,3.493,3.493
4655,3.493,3.493
4656,3.493,3.493
4657,3.493,3.493
4658,3.493,3.493
4659,3.493,3.493
4660,3.493,3.493
4661,3.493,3.493
4662,3.493,3.493
4663,3.493,3.493
4664,3.493,3.493
4665,3.493,3.493
4666,3.493,3.493
4667,3.493,3.493
4668,3.493,3.493
4669,3.493,3.493
4670,3.493,3.493
4671,3.493,3.493
4672,3.493,3.493
4673,3.493,3.493
4674,3.493,3.493
4675,3.493,3.493
4676,3.493,3.493
4677,3.493,3.493
4678,3.493,3.493
4679,3.493,3.493
4680,3.493,3.493
4681,3.493,3.493
4682,3.493,3.493
4683,3.493,3.493
4684,3.493,3.493
4685,3.493,3.493
4686,3.493,3.493
4687,3.493,3.493
4688,3.493,3.493
4689,3.493,3.493
4690,3.493,3.493
4691,3.493,3.493
4692,3.493,3.493
4693,3.493,3.493
4694,3.493,3.493
4695,3.493,3.493
4696,3.493,3.493
4697,3.493,3.493
4698,3.493,3.493
4699,3.493,3.493
4700,3.493,3.493
4701,3.493,3.493
4702,3.493,3.493
4703,3.493,3.493
4704,3.493,3.493
4705,3.493,3.493
4706,3.493,3.493
4707,3.493,3.493
4708,3.493,3.493
4709,3.493,3.493
4710,3.493,3.493
4711,3.493,3.493
4712,3.493,3.493
4713,3.493,3.493
4714,3.493,3.493
4715,3.493,3.493
4716,3.493,3.493
4717,3.493,3.493
4718,3.493,3.493
4719,3.493,3.493
4720,3.493,3.493
4721,3.493,3.493
4722,3.493,3.493
4723,3.493,3.493
4724,3.493,3.493
4725,3.493,3.493
4726,3.493,3.493
4727,3.493,3.493
4728,3.493,3.493
4729,3.493,3.493
4730,3.493,3.493
4731,3.493,3.493
4732,3.493,3.493
4733,3.493,3.493
4734,3.493,3.493
4735,3.493,3.493
4736,3.493,3.493
4737,3.493,3.493
4738,3.493,3.493
4739,3.493,3.493
4740,3.493,3.493
4741,3.493,3.493
4742,3.493,3.493
4743,3.493,3.493
4744,3.493,3.493
4745,3.493,3.493
4746,3.493,3.493
4747,3.493,3.493
4748,3.493,3.493
4749,3.493,3.493
4750,3.493,3.493
4751,3.493,3.493
4752,3.493,3.493
4753,3.493,3.493
4754,3.493,3.493
4755,3.493,3.493
4756,3.493,3.493
4757,3.493,3.493
4758,3.493,3.493
4759,3.493,3.493
4760,3.493,3.493
4761,3.493,3.493
4762,3.493,3.493
4763,3.493,3.493
4764,3.493,3.493
4765,3.493,3.493
4766,3.493,3.493
4767,3.493,3.493
4768,3.493,3.493
4769,3.493,3.493
4770,3.493,3.493
4771,3.493,3.493
4772,3.493,3.493
4773,3.493,3.493
4774,3.493,3.493
4775,3.493,3.493
4776,3.493,3.493
4777,3.493,3.493
4778,3.493,3.493
4779,3.493,3.493
4780,3.493,3.493
4781,3.493,3.493
4782,3.493,3.493
4783,3.493,3.493
4784,3.493,3.493
4785,3.493,3.493
4786,3.493,3.493
4787,3.493,3.493
4788,3.493,3.493
4789,3.493,3.493
4790,3.493,3.493
4791,3.493,3.493
4792,3.493,3.493
4793,3.493,3.493
4794,3.493,3.493
4795,3.493,3.493
4796,3.493,3.493
4797,3.493,3.493
4798,3.493,3.493
4799,3.493,3.493
4800,3.493,3.493
4801,3.493,3.493
4802,3.493,3.493
4803,3.493,3.493
4804,3.493,3.493
4805,3.493,3.493
4806,3.493,3.493
4807,3.493,3.493
4808,3.493,3.493
4809,3.493,3.493
4810,3.493,3.493
4811,3.493,3.493
4812,3.493,3.493
4813,3.493,3.493
4814,3.493,3.493
4815,3.493,3.493
4816,3.493,3.493
4817,3.493,3.493
4818,3.493,3.493
4819,3.493,3.493
4820,3.493,3.493
4821,3.493,3.493
4822,3.493,3.493
4823,3.493,3.493
4824,3.493,3.493
4825,3.493,3.493
4826,3.493,3.493
4827,3.493,3.493
4828,3.493,3.493
4829,3.493,3.493
4830,3.493,3.493
4831,3.493,3.493
4832,3.493,3.493
4833,3.493,3.493
4834,3.493,3.493
4835,3.493,3.493
4836,3.493,3.493
4837,3.493,3.493
4838,3.493,3.493
4839,3.493,3.493
4840,3.493,3.493
4841,3.493,3.493
4842,3.493,3.493
4843,3.493,3.493
4844,3.493,3.493
4845,3.493,3.493
4846,3.493,3.493
4847,3.493,3.493
4848,3.493,3.493
4849,3.493,3.493
4850,3.493,3.493
4851,3.493,3.493
4852,3.493,3.493
4853,3.493,3.493
4854,3.493,3.493
4855,3.493,3.493
4856,3.493,3.493
4857,3.493,3.493
4858,3.493,3.493
4859,3.493,3.493
4860,3.493,3.493
4861,3.493,3.493
4862,3.493,3.493
4863,3.493,3.493
4864,3.493,3.493
4865,3.493,3.493
4866,3.493,3.493
4867,3.493,3.493
4868,3.493,3.493
4869,3.493,3.493
4870,3.493,3.493
4871,3.493,3.493
4872,3.493,3.493
4873,3.493,3.493
4874,3.493,3.493
4875,3.493,3.493
4876,3.493,3.493
4877,3.493,3.493
4878,3.493,3.493
4879,3.493,3.493
4880,3.493,3.493
4881,3.493,3.493
4882,3.493,3.493
4883,3.493,3.493
4884,3.493,3.493
4885,3.493,3.493
4886,3.493,3.493
4887,3.493,3.493
4888,3.493,3.493
4889,3.493,3.493
4890,3.493,3.493
4891,3.493,3.493
4892,3.493,3.493
4893,3.493,3.493
4894,3.493,3.493
4895,3.493,3.493
4896,3.493,3.493
4897,3.493,3.493
4898,3.493,3.493
4899,3.493,3.493
4900,3.493,3.493
4901,3.493,3.493
4902,3.493,3.493
4903,3.493,3.493
4904,3.493,3.493
4905,3.493,3.493
4906,3.493,3.493
4907,3.493,3.493
4908,3.493,3.493
4909,3.493,3.493
4910,3.493,3.493
4911,3.493,3.493
4912,3.493,3.493
4913,3.493,3.493
4914,3.493,3.493
4915,3.493,3.493
4916,3.493,3.493
4917,3.493,3.493
4918,3.493,3.493
4919,3.493,3.493
4920,3.493,3.493
4921,3.493,3.493
4922,3.493,3.493
4923,3.493,3.493
4924,3.493,3.493
4925,3.493,3.493
4926,3.493,3.493
4927,3.493,3.493
4928,3.493,3.493
4929,3.493,3.493
4930,3.493,3.493
4931,3.493,3.493
4932,3.493,3.493
4933,3.493,3.493
4934,3.493,3.493
4935,3.493,3.493
4936,3.493,3.493
4937,3.493,3.493
4938,3.493,3.493
4939,3.493,3.493
4940,3.493,3.493
4941,3.493,3.493
4942,3.493,3.493
4943,3.493,3.493
4944,3.493,3.493
4945,3.493,3.493
4946,3.493,3.493
4947,3.493,3.493
4948,3.493,3.493
4949,3.493,3.493
4950,3.493,3.493
4951,3.493,3.493
4952,3.493,3.493
4953,3.493,3.493
4954,3.493,3.493
4955,3.493,3.493
4956,3.493,3.493
4957,3.493,3.493
4958,3.493,3.493
4959,3.493,3.493
4960,3.493,3.493
4961,3.493,3.493
4962,3.493,3.493
4963,3.493,3.493
4964,3.493,3.493
4965,3.493,3.493
4966,3.493,3.493
4967,3.493,3.493
4968,3.493,3.493
4969,3.493,3.493
4970,3.493,3.493
4971,3.493,3.493
4972,3.493,3.493
4973,3.493,3.493
4974,3.493,3.493
4975,3.493,3.493
4976,3.493,3.493
4977,3.493,3.493
4978,3.493,3.493
4979,3.493,3.493
4980,3.493,3.493
4981,3.493,3.493
4982,3.493,3.493
4983,3.493,3.493
4984,3.493,3.493
4985,3.493,3.493
4986,3.493,3.493
4987,3.493,3.493
4988,3.493,3.493
4989,3.493,3.493
4990,3.493,3.493
4991,3.493,3.493
4992,3.493,3.493
4993,3.493,3.493
4994,3.493,3.493
4995,3.493,3.493
4996,3.493,3.493
4997,3.493,3.493
4998,3.493,3.493
4999,3.493,3.493
5000,3.493,3.493
5001,3.493,3.493
5002,3.493,3.493
5003,3.493,3.493
5004,3.493,3.493
5005,3.493,3.493
5006,3.493,3.493
5007,3.493,3.493
5008,3.493,3.493
5009,3.493,3.493
5010,3.493,3.493
5011,3.493,3.493
5012,3.493,3.493
5013,3.493,3.493
5014,3.493,3.493
5015,3.493,3.493
5016,3.493,3.493
5017,3.493,3.493
5018,3.493,3.493
5019,3.493,3.493
5020,3.493,3.493
5021,3.493,3.493
5022,3.493,3.493
5023,3.493,3.493
5024,3.493,3.493
5025,3.493,3.493
5026,3.493,3.493
5027,3.493,3.493
5028,3.493,3.493
5029,3.493,3.493
5030,3.493,3.493
5031,3.493,3.493
5032,3.493,3.493
5033,3.493,3.493
5034,3.493,3.493
5035,3.493,3.493
5036,3.493,3.493
5037,3.493,3.493
5038,3.493,3.493
5039,3.493,3.493
5040,3.493,3.493
5041,3.493,3.493
5042,3.493,3.493
5043,3.493,3.493
5044,3.493,3.493
5045,3.493,3.493
5046,3.493,3.493
5047,3.493,3.493
5048,3.493,3.493
5049,3.493,3.493
5050,3.493,3.493
5051,3.493,3.493
5052,3.493,3.493
5053,3.493,3.493
5054,3.493,3.493
5055,3.493,3.493
5056,3.493,3.493
5057,3.493,3.493
5058,3.493,3.493
5059,3.493,3.493
5060,3.493,3.493
5061,3.493,3.493
5062,3.493,3.493
5063,3.493,3.493
5064,3.493,3.493
5065,3.493,3.493
5066,3.493,3.493
5067,3.493,3.493
5068,3.493,3.493
5069,3.493,3.493
5070,3.493,3.493
5071,3.493,3.493
5072,3.493,3.493
5073,3.493,3.493
5074,3.493,3.493
5075,3.493,3.493
5076,3.493,3.493
5077,3.493,3.493
5078,3.493,3.493
5079,3.493,3.493
5080,3.493,3.493
5081,3.493,3.493
5082,3.493,3.493
5083,3.493,3.493
5084,3.493,3.493
5085,3.493,3.493
5086,3.493,3.493
5087,3.493,3.493
5088,3.493,3.493
5089,3.493,3.493
5090,3.493,3.493
5091,3.493,3.493
5092,3.493,3.493
5093,3.493,3.493
5094,3.493,3.493
5095,3.493,3.493
5096,3.493,3.493
5097,3.493,3.493
5098,3.493,3.493
5099,3.493,3.493
5100,3.493,3.493
5101,3.493,3.493
5102,3.493,3.493
5103,3.493,3.493
5104,3.493,3.493
5105,3.493,3.493
5106,3.493,3.493
5107,3.493,3.493
5108,3.493,3.493
5109,3.493,3.493
5110,3.493,3.493
5111,3.493,3.493
5112,3.493,3.493
5113,3.493,3.493
5114,3.493,3.493
5115,3.493,3.493
5116,3.493,3.493
5117,3.493,3.493
5118,3.493,3.493
5119,3.493,3.493
5120,3.493,3.493
5121,3.493,3.493
5122,3.493,3.493
5123,3.493,3.493
5124,3.493,3.493
5125,3.493,3.493
5126,3.493,3.493
5127,3.493,3.493
5128,3.493,3.493
5129,3.493,3.493
5130,3.493,3.493
5131,3.493,3.493
5132,3.493,3.493
5133,3.493,3.493
5134,3.493,3.493
5135,3.493,3.493
5136,3.493,3.493
5137,3.493,3.493
5138,3.493,3.493
5139,3.493,3.493
5140,3.493,3.493
5141,3.493,3.493
5142,3.493,3.493
5143,3.493,3.493
5144,3.493,3.493
5145,3.493,3.493
5146,3.493,3.493
5147,3.493,3.493
5148,3.493,3.493
5149,3.493,3.493
5150,3.493,3.493
5151,3.493,3.493
5152,3.493,3.493
5153,3.493,3.493
5154,3.493,3.493
5155,3.493,3.493
5156,3.493,3.493
5157,3.493,3.493
5158,3.493,3.493
5159,3.493,3.493
5160,3.493,3.493
5161,3.493,3.493
5162,3.493,3.493
5163,3.493,3.493
5164,3.493,3.493
5165,3.493,3.493
5166,3.493,3.493
5167,3.493,3.493
5168,3.493,3.493
5169,3.493,3.493
5170,3.493,3.493
5171,3.493,3.493
5172,3.493,3.493
5173,3.493,3.493
5174,3.493,3.493
5175,3.493,3.493
5176,3.493,3.493
5177,3.493,3.493
5178,3.493,3.493
5179,3.493,3.493
5180,3.493,3.493
5181,3.493,3.493
5182,3.493,3.493
5183,3.493,3.493
5184,3.493,3.493
5185,3.493,3.493
5186,3.493,3.493
5187,3.493,3.493
5188,3.493,3.493
5189,3.493,3.493
5190,3.493,3.493
5191,3.493,3.493
5192,3.493,3.493
5193,3.493,3.493
5194,3.493,3.493
5195,3.493,3.493
5196,3.493,3.493
5197,3.493,3.493
5198,3.493,3.493
5199,3.493,3.493
5200,3.493,3.493
5201,3.493,3.493
5202,3.493,3.493
5203,3.493,3.493
5204,3.493,3.493
5205,3.493,3.493
5206,3.493,3.493
5207,3.493,3.493
5208,3.493,3.493
5209,3.493,3.493
5210,3.493,3.493
5211,3.493,3.493
5212,3.493,3.493
5213,3.493,3.493
5214,3.493,3.493
5215,3.493,3.493
5216,3.493,3.493
5217,3.493,3.493
5218,3.493,3.493
5219,3.493,3.493
5220,3.493,3.493
5221,3.493,3.493
5222,3.493,3.493
5223,3.493,3.493
5224,3.493,3.493
5225,3.493,3.493
5226,3.493,3.493
5227,3.493,3.493
5228,3.493,3.493
5229,3.493,3.493
5230,3.493,3.493
5231,3.493,3.493
5232,3.493,3.493
5233,3.493,3.493
5234,3.493,3.493
5235,3.493,3.493
5236,3.493,3.493
5237,3.493,3.493
5238,3.493,3.493
5239,3.493,3.493
5240,3.493,3.493
5241,3.493,3.493
5242,3.493,3.493
5243,3.493,3.493
5244,3.493,3.493
5245,3.493,3.493
5246,3.493,3.493
5247,3.493,3.493
5248,3.493,3.493
5249,3.493,3.493
5250,3.493,3.493
5251,3.493,3.493
5252,3.493,3.493
5253,3.493,3.493
5254,3.493,3.493
5255,3.493,3.493
5256,3.493,3.493
5257,3.493,3.493
5258,3.493,3.493
5259,3.493,3.493
5260,3.493,3.493
5261,3.493,3.493
5262,3.493,3.493
5263,3.493,3.493
5264,3.493,3.493
5265,3.493,3.493
5266,3.493,3.493
5267,3.493,3.493
5268,3.493,3.493
5269,3.493,3.493
5270,3.493,3.493
5271,3.493,3.493
5272,3.493,3.493
5273,3.493,3.493
5274,3.493,3.493
5275,3.493,3.493
5276,3.493,3.493
5277,3.493,3.493
5278,3.493,3.493
5279,3.493,3.493
5280,3.493,3.493
5281,3.493,3.493
5282,3.493,3.493
5283,3.493,3.493
5284,3.493,3.493
5285,3.493,3.493
5286,3.493,3.493
5287,3.493,3.493
5288,3.493,3.493
5289,3.493,3.493
5290,3.493,3.493
5291,3.493,3.493
5292,3.493,3.493
5293,3.493,3.493
5294,3.493,3.493
5295,3.493,3.493
5296,3.493,3.493
5297,3.493,3.493
5298,3.493,3.493
5299,3.493,3.493
5300,3.493,3.493
5301,3.493,3.493
5302,3.493,3.493
5303,3.493,3.493
5304,3.493,3.493
5305,3.493,3.493
5306,3.493,3.493
5307,3.493,3.493
5308,3.493,3.493
5309,3.493,3.493
5310,3.493,3.493
5311,3.493,3.493
5312,3.493,3.493
5313,3.493,3.493
5314,3.493,3.493
5315,3.493,3.493
5316,3.493,3.493
5317,3.493,3.493
5318,3.493,3.493
5319,3.493,3.493
5320,3.493,3.493
5321,3.493,3.493
5322,3.493,3.493
5323,3.493,3.493
5324,3.493,3.493
5325,3.493,3.493
5326,3.493,3.493
5327,3.493,3.493
5328,3.493,3.493
5329,3.493,3.493
5330,3.493,3.493
5331,3.493,3.493
5332,3.493,3.493
5333,3.493,3.493
5334,3.493,3.493
5335,3.493,3.493
5336,3.493,3.493
5337,3.493,3.493
5338,3.493,3.493
5339,3.493,3.493
5340,3.493,3.493
5341,3.493,3.493
5342,3.493,3.493
5343,3.493,3.493
5344,3.493,3.493
5345,3.493,3.493
5346,3.493,3.493
5347,3.493,3.493
5348,3.493,3.493
5349,3.493,3.493
5350,3.493,3.493
5351,3.493,3.493
5352,3.493,3.493
5353,3.493,3.493
5354,3.493,3.493
5355,3.493,3.493
5356,3.493,3.493
5357,3.493,3.493
5358,3.493,3.493
5359,3.493,3.493
5360,3.493,3.493
5361,3.493,3.493
5362,3.493,3.493
5363,3.493,3.493
5364,3.493,3.493
5365,3.493,3.493
5366,3.493,3.493
5367,3.493,3.493
5368,3.493,3.493
5369,3.493,3.493
5370,3.493,3.493
5371,3.493,3.493
5372,3.493,3.493
5373,3.493,3.493
5374,3.493,3.493
5375,3.493,3.493
5376,3.493,3.493
5377,3.493,3.493
5378,3.493,3.493
5379,3.493,3.493
5380,3.493,3.493
5381,3.493,3.493
5382,3.493,3.493
5383,3.493,3.493
5384,3.493,3.493
5385,3.493,3.493
5386,3.493,3.493
5387,3.493,3.493
5388,3.493,3.493
5389,3.493,3.493
5390,3.493,3.493
5391,3.493,3.493
5392,3.493,3.493
5393,3.493,3.493
5394,3.493,3.493
5395,3.493,3.493
5396,3.493,3.493
5397,3.493,3.493
5398,3.493,3.493
5399,3.493,3.493
5400,3.493,3.493
5401,3.493,3.493
5402,3.493,3.493
5403,3.493,3.493
5404,3.493,3.493
5405,3.493,3.493
5406,3.493,3.493
5407,3.493,3.493
5408,3.493,3.493
5409,3.493,3.493
5410,3.493,3.493
5411,3.493,3.493
5412,3.493,3.493
5413,3.493,3.493
5414,3.493,3.493
5415,3.493,3.493
5416,3.493,3.493
5417,3.493,3.493
5418,3.493,3.493
5419,3.493,3.493
5420,3.493,3.493
5421,3.493,3.493
5422,3.493,3.493
5423,3.493,3.493
5424,3.493,3.493
5425,3.493,3.493
5426,3.493,3.493
5427,3.493,3.493
5428,3.493,3.493
5429,3.493,3.493
5430,3.493,3.493
5431,3.493,3.493
5432,3.493,3.493
5433,3.493,3.493
5434,3.493,3.493
5435,3.493,3.493
5436,3.493,3.493
5437,3.493,3.493
5438,3.493,3.493
5439,3.493,3.493
5440,3.493,3.493
5441,3.493,3.493
5442,3.493,3.493
5443,3.493,3.493
5444,3.493,3.493
5445,3.493,3.493
5446,3.493,3.493
5447,3.493,3.493
5448,3.493,3.493
5449,3.493,3.493
5450,3.493,3.493
5451,3.493,3.493
5452,3.493,3.493
5453,3.493,3.493
5454,3.493,3.493
5455,3.493,3.493
5456,3.493,3.493
5457,3.493,3.493
5458,3.493,3.493
5459,3.493,3.493
5460,3.493,3.493
5461,3.493,3.493
5462,3.493,3.493
5463,3.493,3.493
5464,3.493,3.493
5465,3.493,3.493
5466,3.493,3.493
5467,3.493,3.493
5468,3.493,3.493
5469,3.493,3.493
5470,3.493,3.493
5471,3.493,3.493
5472,3.493,3.493
5473,3.493,3.493
5474,3.493,3.493
5475,3.493,3.493
5476,3.493,3.493
5477,3.493,3.493
5478,3.493,3.493
5479,3.493,3.493
5480,3.493,3.493
5481,3.493,3.493
5482,3.493,3.493
5483,3.493,3.493
5484,3.493,3.493
5485,3.493,3.493
5486,3.493,3.493
5487,3.493,3.493
5488,3.493,3.493
5489,3.493,3.493
5490,3.493,3.493
5491,3.493,3.493
5492,3.493,3.493
5493,3.493,3.493
5494,3.493,3.493
5495,3.493,3.493
5496,3.493,3.493
5497,3.493,3.493
5498,3.493,3.493
5499,3.493,3.493
5500,3.493,3.493
5501,3.493,3.493
5502,3.493,3.493
5503,3.493,3.493
5504,3.493,3.493
5505,3.493,3.493
5506,3.493,3.493
5507,3.493,3.493
5508,3.493,3.493
5509,3.493,3.493
5510,3.493,3.493
5511,3.493,3.493
5512,3.493,3.493
5513,3.493,3.493
5514,3.493,3.493
5515,3.493,3.493
5516,3.493,3.493
5517,3.493,3.493
5518,3.493,3.493
5519,3.493,3.493
5520,3.493,3.493
5521,3.493,3.493
5522,3.493,3.493
5523,3.493,3.493
5524,3.493,3.493
5525,3.493,3.493
5526,3.493,3.493
5527,3.493,3.493
5528,3.493,3.493
5529,3.493,3.493
5530,3.493,3.493
5531,3.493,3.493
5532,3.493,3.493
5533,3.493,3.493
5534,3.493,3.493
5535,3.493,3.493
5536,3.493,3.493
5537,3.493,3.493
5538,3.493,3.493
5539,3.493,3.493
5540,3.493,3.493
5541,3.493,3.493
5542,3.493,3.493
5543,3.493,3.493
5544,3.493,3.493
5545,3.493,3.493
5546,3.493,3.493
5547,3.493,3.493
5548,3.493,3.493
5549,3.493,3.493
5550,3.493,3.493
5551,3.493,3.493
5552,3.493,3.493
5553,3.493,3.493
5554,3.493,3.493
5555,3.493,3.493
5556,3.493,3.493
5557,3.493,3.493
5558,3.493,3.493
5559,3.493,3.493
5560,3.493,3.493
5561,3.493,3.493
5562,3.493,3.493
5563,3.493,3.493
5564,3.493,3.493
5565,3.493,3.493
5566,3.493,3.493
5567,3.493,3.493
5568,3.493,3.493
5569,3.493,3.493
5570,3.493,3.493
5571,3.493,3.493
5572,3.493,3.493
5573,3.493,3.493
5574,3.493,3.493
5575,3.493,3.493
5576,3.493,3.493
5577,3.493,3.493
5578,3.493,3.493
5579,3.493,3.493
5580,3.493,3.493
5581,3.493,3.493
5582,3.493,3.493
5583,3.493,3.493
5584,3.493,3.493
5585,3.493,3.493
5586,3.493,3.493
5587,3.493,3.493
5588,3.493,3.493
5589,3.493,3.493
5590,3.493,3.493
5591,3.493,3.493
5592,3.493,3.493
5593,3.493,3.493
5594,3.493,3.493
5595,3.493,3.493
5596,3.493,3.493
5597,3.493,3.493
5598,3.493,3.493
5599,3.493,3.493
5600,3.493,3.493
5601,3.493,3.493
5602,3.493,3.493
5603,3.493,3.493
5604,3.493,3.493
5605,3.493,3.493
5606,3.493,3.493
5607,3.493,3.493
5608,3.493,3.493
5609,3.493,3.493
5610,3.493,3.493
5611,3.493,3.493
5612,3.493,3.493
5613,3.493,3.493
5614,3.493,3.493
5615,3.493,3.493
5616,3.493,3.493
5617,3.493,3.493
5618,3.493,3.493
5619,3.493,3.493
5620,3.493,3.493
5621,3.493,3.493
5622,3.493,3.493
5623,3.493,3.493
5624,3.493,3.493
5625,3.493,3.493
5626,3.493,3.493
5627,3.493,3.493
5628,3.493,3.493
5629,3.493,3.493
5630,3.493,3.493
5631,3.493,3.493
5632,3.493,3.493
5633,3.493,3.493
5634,3.493,3.493
5635,3.493,3.493
5636,3.493,3.493
5637,3.493,3.493
5638,3.493,3.493
5639,3.493,3.493
5640,3.493,3.493
5641,3.493,3.493
5642,3.493,3.493
5643,3.493,3.493
5644,3.493,3.493
5645,3.493,3.493
5646,3.493,3.493
5647,3.493,3.493
5648,3.493,3.493
5649,3.493,3.493
5650,3.493,3.493
5651,3.493,3.493
5652,3.493,3.493
5653,3.493,3.493
5654,3.493,3.493
5655,3.493,3.493
5656,3.493,3.493
5657,3.493,3.493
5658,3.493,3.493
5659,3.493,3.493
5660,3.493,3.493
5661,3.493,3.493
5662,3.493,3.493
5663,3.493,3.493
5664,3.493,3.493
5665,3.493,3.493
5666,3.493,3.493
5667,3.493,3.493
5668,3.493,3.493
5669,3.493,3.493
5670,3.493,3.493
5671,3.493,3.493
5672,3.493,3.493
5673,3.493,3.493
5674,3.493,3.493
5675,3.493,3.493
5676,3.493,3.493
5677,3.493,3.493
5678,3.493,3.493
5679,3.493,3.493
5680,3.493,3.493
5681,3.493,3.493
5682,3.493,3.493
5683,3.493,3.493
5684,3.493,3.493
5685,3.493,3.493
5686,3.493,3.493
5687,3.493,3.493
5688,3.493,3.493
5689,3.493,3.493
5690,3.493,3.493
5691,3.493,3.493
5692,3.493,3.493
5693,3.493,3.493
5694,3.493,3.493
5695,3.493,3.493
5696,3.493,3.493
5697,3.493,3.493
5698,3.493,3.493
5699,3.493,3.493
5700,3.493,3.493
5701,3.493,3.493
5702,3.493,3.493
5703,3.493,3.493
5704,3.493,3.493
5705,3.493,3.493
5706,3.493,3.493
5707,3.493,3.493
5708,3.493,3.493
5709,3.493,3.493
5710,3.493,3.493
5711,3.493,3.493
5712,3.493,3.493
5713,3.493,3.493
5714,3.493,3.493
5715,3.493,3.493
5716,3.493,3.493
5717,3.493,3.493
5718,3.493,3.493
5719,3.493,3.493
5720,3.493,3.493
5721,3.493,3.493
5722,3.493,3.493
5723,3.493,3.493
5724,3.493,3.493
5725,3.493,3.493
5726,3.493,3.493
5727,3.493,3.493
5728,3.493,3.493
5729,3.493,3.493
5730,3.493,3.493
5731,3.493,3.493
5732,3.493,3.493
5733,3.493,3.493
5734,3.493,3.493
5735,3.493,3.493
5736,3.493,3.493
5737,3.493,3.493
5738,3.493,3.493
5739,3.493,3.493
5740,3.493,3.493
5741,3.493,3.493
5742,3.493,3.493
5743,3.493,3.493
5744,3.493,3.493
5745,3.493,3.493
5746,3.493,3.493
5747,3.493,3.493
5748,3.493,3.493
5749,3.493,3.493
5750,3.493,3.493
5751,3.493,3.493
5752,3.493,3.493
5753,3.493,3.493
5754,3.493,3.493
5755,3.493,3.493
5756,3.493,3.493
5757,3.493,3.493
5758,3.493,3.493
5759,3.493,3.493
5760,3.493,3.493
5761,3.493,3.493
5762,3.493,3.493
5763,3.493,3.493
5764,3.493,3.493
5765,3.493,3.493
5766,3.493,3.493
5767,3.493,3.493
5768,3.493,3.493
5769,3.493,3.493
5770,3.493,3.493
5771,3.493,3.493
5772,3.493,3.493
5773,3.493,3.493
5774,3.493,3.493
5775,3.493,3.493
5776,3.493,3.493
5777,3.493,3.493
5778,3.493,3.493
5779,3.493,3.493
5780,3.493,3.493
5781,3.493,3.493
5782,3.493,3.493
5783,3.493,3.493
5784,3.493,3.493
5785,3.493,3.493
5786,3.493,3.493
5787,3.493,3.493
5788,3.493,3.493
5789,3.493,3.493
5790,3.493,3.493
5791,3.493,3.493
5792,3.493,3.493
5793,3.493,3.493
5794,3.493,3.493
5795,3.493,3.493
5796,3.493,3.493
5797,3.493,3.493
5798,3.493,3.493
5799,3.493,3.493
5800,3.493,3.493
5801,3.493,3.493
5802,3.493,3.493
5803,3.493,3.493
5804,3.493,3.493
5805,3.493,3.493
5806,3.493,3.493
5807,3.493,3.493
5808,3.493,3.493
5809,3.493,3.493
5810,3.493,3.493
5811,3.493,3.493
5812,3.493,3.493
5813,3.493,3.493
5814,3.493,3.493
5815,3.493,3.493
5816,3.493,3.493
5817,3.493,3.493
5818,3.493,3.493
5819,3.493,3.493
5820,3.493,3.493
5821,3.493,3.493
5822,3.493,3.493
5823,3.493,3.493
5824,3.493,3.493
5825,3.493,3.493
5826,3.493,3.493
5827,3.493,3.493
5828,3.493,3.493
5829,3.493,3.493
5830,3.493,3.493
5831,3.493,3.493
5832,3.493,3.493
5833,3.493,3.493
5834,3.493,3.493
5835,3.493,3.493
5836,3.493,3.493
5837,3.493,3.493
5838,3.493,3.493
5839,3.493,3.493
5840,3.493,3.493
5841,3.493,3.493
5842,3.493,3.493
5843,3.493,3.493
5844,3.493,3.493
5845,3.493,3.493
5846,3.493,3.493
5847,3.493,3.493
5848,3.493,3.493
5849,3.493,3.493
5850,3.493,3.493
5851,3.493,3.493
5852,3.493,3.493
5853,3.493,3.493
5854,3.493,3.493
5855,3.493,3.493
5856,3.493,3.493
5857,3.493,3.493
5858,3.493,3.493
5859,3.493,3.493
5860,3.493,3.493
5861,3.493,3.493
5862,3.493,3.493
5863,3.493,3.493
5864,3.493,3.493
5865,3.493,3.493
5866,3.493,3.493
5867,3.493,3.493
5868,3.493,3.493
5869,3.493,3.493
5870,3.493,3.493
5871,3.493,3.493
5872,3.493,3.493
5873,3.493,3.493
5874,3.493,3.493
5875,3.493,3.493
5876,3.493,3.493
5877,3.493,3.493
5878,3.493,3.493
5879,3.493,3.493
5880,3.493,3.493
5881,3.493,3.493
5882,3.493,3.493
5883,3.493,3.493
5884,3.493,3.493
5885,3.493,3.493
5886,3.493,3.493
5887,3.493,3.493
5888,3.493,3.493
5889,3.493,3.493
5890,3.493,3.493
5891,3.493,3.493
5892,3.493,3.493
5893,3.493,3.493
5894,3.493,3.493
5895,3.493,3.493
5896,3.493,3.493
5897,3.493,3.493
5898,3.493,3.493
5899,3.493,3.493
5900,3.493,3.493
5901,3.493,3.493
5902,3.493,3.493
5903,3.493,3.493
5904,3.493,3.493
5905,3.493,3.493
5906,3.493,3.493
5907,3.493,3.493
5908,3.493,3.493
5909,3.493,3.493
5910,3.493,3.493
5911,3.493,3.493
5912,3.493,3.493
5913,3.493,3.493
5914,3.493,3.493
5915,3.493,3.493
5916,3.493,3.493
5917,3.493,3.493
5918,3.493,3.493
5919,3.493,3.493
5920,3.493,3.493
5921,3.493,3.493
5922,3.493,3.493
5923,3.493,3.493
5924,3.493,3.493
5925,3.493,3.493
5926,3.493,3.493
5927,3.493,3.493
5928,3.493,3.493
5929,3.493,3.493
5930,3.493,3.493
5931,3.493,3.493
5932,3.493,3.493
5933,3.493,3.493
5934,3.493,3.493
5935,3.493,3.493
5936,3.493,3.493
5937,3.493,3.493
5938,3.493,3.493
5939,3.493,3.493
5940,3.493,3.493
5941,3.493,3.493
5942,3.493,3.493
5943,3.493,3.493
5944,3.493,3.493
5945,3.493,3.493
5946,3.493,3.493
5947,3.493,3.493
5948,3.493,3.493
5949,3.493,3.493
5950,3.493,3.493
5951,3.493,3.493
5952,3.493,3.493
5953,3.493,3.493
5954,3.493,3.493
5955,3.493,3.493
5956,3.493,3.493
5957,3.493,3.493
5958,3.493,3.493
5959,3.493,3.493
5960,3.493,3.493
5961,3.493,3.493
5962,3.493,3.493
5963,3.493,3.493
5964,3.493,3.493
5965,3.493,3.493
5966,3.493,3.493
5967,3.493,3.493
5968,3.493,3.493
5969,3.493,3.493
5970,3.493,3.493
5971,3.493,3.493
5972,3.493,3.493
5973,3.493,3.493
5974,3.493,3.493
5975,3.493,3.493
5976,3.493,3.493
5977,3.493,3.493
5978,3.493,3.493
5979,3.493,3.493
5980,3.493,3.493
5981,3.493,3.493
5982,3.493,3.493
5983,3.493,3.493
5984,3.493,3.493
5985,3.493,3.493
5986,3.493,3.493
5987,3.493,3.493
5988,3.493,3.493
5989,3.493,3.493
5990,3.493,3.493
5991,3.493,3.493
5992,3.493,3.493
5993,3.493,3.493
5994,3.493,3.493
5995,3.493,3.493
5996,3.493,3.493
5997,3.493,3.493
5998,3.493,3.493
5999,3.493,3.493
6000,3.493,3.493
6001,3.493,3.493
6002,3.493,3.493
6003,3.493,3.493
6004,3.493,3.493
6005,3.493,3.493
6006,3.493,3.493
6007,3.493,3.493
6008,3.493,3.493
6009,3.493,3.493
6010,3.493,3.493
6011,3.493,3.493
6012,3.493,3.493
6013,3.493,3.493
6014,3.493,3.493
6015,3.493,3.493
6016,3.493,3.493
6017,3.493,3.493
6018,3.493,3.493
6019,3.493,3.493
6020,3.493,3.493
6021,3.493,3.493
6022,3.493,3.493
6023,3.493,3.493
6024,3.493,3.493
6025,3.493,3.493
6026,3.493,3.493
6027,3.493,3.493
6028,3.493,3.493
6029,3.493,3.493
6030,3.493,3.493
6031,3.493,3.493
6032,3.493,3.493
6033,3.493,3.493
6034,3.493,3.493
6035,3.493,3.493
6036,3.493,3.493
6037,3.493,3.493
6038,3.493,3.493
6039,3.493,3.493
6040,3.493,3.493
6041,3.493,3.493
6042,3.493,3.493
6043,3.493,3.493
6044,3.493,3.493
6045,3.493,3.493
6046,3.493,3.493
6047,3.493,3.493
6048,3.493,3.493
6049,3.493,3.493
6050,3.493,3.493
6051,3.493,3.493
6052,3.493,3.493
6053,3.493,3.493
6054,3.493,3.493
6055,3.493,3.493
6056,3.493,3.493
6057,3.493,3.493
6058,3.493,3.493
6059,3.493,3.493
6060,3.493,3.493
6061,3.493,3.493
6062,3.493,3.493
6063,3.493,3.493
6064,3.493,3.493
6065,3.493,3.493
6066,3.493,3.493
6067,3.493,3.493
6068,3.493,3.493
6069,3.493,3.493
6070,3.493,3.493
6071,3.493,3.493
6072,3.493,3.493
6073,3.493,3.493
6074,3.493,3.493
6075,3.493,3.493
6076,3.493,3.493
6077,3.493,3.493
6078,3.493,3.493
6079,3.493,3.493
6080,3.493,3.493
6081,3.493,3.493
6082,3.493,3.493
6083,3.493,3.493
6084,3.493,3.493
6085,3.493,3.493
6086,3.493,3.493
6087,3.493,3.493
6088,3.493,3.493
6089,3.493,3.493
6090,3.493,3.493
6091,3.493,3.493
6092,3.493,3.493
6093,3.493,3.493
6094,3.493,3.493
6095,3.493,3.493
6096,3.493,3.493
6097,3.493,3.493
6098,3.493,3.493
6099,3.493,3.493
6100,3.493,3.493
6101,3.493,3.493
6102,3.493,3.493
6103,3.493,3.493
6104,3.493,3.493
6105,3.493,3.493
6106,3.493,3.493
6107,3.493,3.493
6108,3.493,3.493
6109,3.493,3.493
6110,3.493,3.493
6111,3.493,3.493
6112,3.493,3.493
6113,3.493,3.493
6114,3.493,3.493
6115,3.493,3.493
6116,3.493,3.493
6117,3.493,3.493
6118,3.493,3.493
6119,3.493,3.493
6120,3.493,3.493
6121,3.493,3.493
6122,3.493,3.493
6123,3.493,3.493
6124,3.493,3.493
6125,3.493,3.493
6126,3.493,3.493
6127,3.493,3.493
6128,3.493,3.493
6129,3.493,3.493
6130,3.493,3.493
6131,3.493,3.493
6132,3.493,3.493
6133,3.493,3.493
6134,3.493,3.493
6135,3.493,3.493
6136,3.493,3.493
6137,3.493,3.493
6138,3.493,3.493
6139,3.493,3.493
6140,3.493,3.493
6141,3.493,3.493
6142,3.493,3.493
6143,3.493,3.493
6144,3.493,3.493
6145,3.493,3.493
6146,3.493,3.493
6147,3.493,3.493
6148,3.493,3.493
6149,3.493,3.493
6150,3.493,3.493
6151,3.493,3.493
6152,3.493,3.493
6153,3.493,3.493
6154,3.493,3.493
6155,3.493,3.493
6156,3.493,3.493
6157,3.493,3.493
6158,3.493,3.493
6159,3.493,3.493
6160,3.493,3.493
6161,3.493,3.493
6162,3.493,3.493
6163,3.493,3.493
6164,3.493,3.493
6165,3.493,3.493
6166,3.493,3.493
6167,3.493,3.493
6168,3.493,3.493
6169,3.493,3.493
6170,3.493,3.493
6171,3.493,3.493
6172,3.493,3.493
6173,3.493,3.493
6174,3.493,3.493
6175,3.493,3.493
6176,3.493,3.493
6177,3.493,3.493
6178,3.493,3.493
6179,3.493,3.493
6180,3.493,3.493
6181,3.493,3.493
6182,3.493,3.493
6183,3.493,3.493
6184,3.493,3.493
6185,3.493,3.493
6186,3.493,3.493
6187,3.493,3.493
6188,3.493,3.493
6189,3.493,3.493
6190,3.493,3.493
6191,3.493,3.493
6192,3.493,3.493
6193,3.493,3.493
6194,3.493,3.493
6195,3.493,3.493
6196,3.493,3.493
6197,3.493,3.493
6198,3.493,3.493
6199,3.493,3.493
6200,3.493,3.493
6201,3.493,3.493
6202,3.493,3.493
6203,3.493,3.493
6204,3.493,3.493
6205,3.493,3.493
6206,3.493,3.493
6207,3.493,3.493
6208,3.493,3.493
6209,3.493,3.493
6210,3.493,3.493
6211,3.493,3.493
6212,3.493,3.493
6213,3.493,3.493
6214,3.493,3.493
6215,3.493,3.493
6216,3.493,3.493
6217,3.493,3.493
6218,3.493,3.493
6219,3.493,3.493
6220,3.493,3.493
6221,3.493,3.493
6222,3.493,3.493
6223,3.493,3.493
6224,3.493,3.493
6225,3.493,3.493
6226,3.493,3.493
6227,3.493,3.493
6228,3.493,3.493
6229,3.493,3.493
6230,3.493,3.493
6231,3.493,3.493
6232,3.493,3.493
6233,3.493,3.493
6234,3.493,3.493
6235,3.493,3.493
6236,3.493,3.493
6237,3.493,3.493
6238,3.493,3.493
6239,3.493,3.493
6240,3.493,3.493
6241,3.493,3.493
6242,3.493,3.493
6243,3.493,3.493
6244,3.493,3.493
6245,3.493,3.493
6246,3.493,3.493
6247,3.493,3.493
6248,3.493,3.493
6249,3.493,3.493
6250,3.493,3.493
6251,3.493,3.493
6252,3.493,3.493
6253,3.493,3.493
6254,3.493,3.493
6255,3.493,3.493
6256,3.493,3.493
6257,3.493,3.493
6258,3.493,3.493
6259,3.493,3.493
6260,3.493,3.493
6261,3.493,3.493
6262,3.493,3.493
6263,3.493,3.493
6264,3.493,3.493
6265,3.493,3.493
6266,3.493,3.493
6267,3.493,3.493
6268,3.493,3.493
6269,3.493,3.493
6270,3.493,3.493
6271,3.493,3.493
6272,3.493,3.493
6273,3.493,3.493
6274,3.493,3.493
6275,3.493,3.493
6276,3.493,3.493
6277,3.493,3.493
6278,3.493,3.493
6279,3.493,3.493
6280,3.493,3.493
6281,3.493,3.493
6282,3.493,3.493
6283,3.493,3.493
6284,3.493,3.493
6285,3.493,3.493
6286,3.493,3.493
6287,3.493,3.493
6288,3.493,3.493
6289,3.493,3.493
6290,3.493,3.493
6291,3.493,3.493
6292,3.493,3.493
6293,3.493,3.493
6294,3.493,3.493
6295,3.493,3.493
6296,3.493,3.493
6297,3.493,3.493
6298,3.493,3.493
6299,3.493,3.493
6300,3.493,3.493
6301,3.493,3.493
6302,3.493,3.493
6303,3.493,3.493
6304,3.493,3.493
6305,3.493,3.493
6306,3.493,3.493
6307,3.493,3.493
6308,3.493,3.493
6309,3.493,3.493
6310,3.493,3.493
6311,3.493,3.493
6312,3.493,3.493
6313,3.493,3.493
6314,3.493,3.493
6315,3.493,3.493
6316,3.493,3.493
6317,3.493,3.493
6318,3.493,3.493
6319,3.493,3.493
6320,3.493,3.493
6321,3.493,3.493
6322,3.493,3.493
6323,3.493,3.493
6324,3.493,3.493
6325,3.493,3.493
6326,3.493,3.493
6327,3.493,3.493
6328,3.493,3.493
6329,3.493,3.493
6330,3.493,3.493
6331,3.493,3.493
6332,3.493,3.493
6333,3.493,3.493
6334,3.493,3.493
6335,3.493,3.493
6336,3.493,3.493
6337,3.493,3.493
6338,3.493,3.493
6339,3.493,3.493
6340,3.493,3.493
6341,3.493,3.493
6342,3.493,3.493
6343,3.493,3.493
6344,3.493,3.493
6345,3.493,3.493
6346,3.493,3.493
6347,3.493,3.493
6348,3.493,3.493
6349,3.493,3.493
6350,3.493,3.493
6351,3.493,3.493
6352,3.493,3.493
6353,3.493,3.493
6354,3.493,3.493
6355,3.493,3.493
6356,3.493,3.493
6357,3.493,3.493
6358,3.493,3.493
6359,3.493,3.493
6360,3.493,3.493
6361,3.493,3.493
6362,3.493,3.493
6363,3.493,3.493
6364,3.493,3.493
6365,3.493,3.493
6366,3.493,3.493
6367,3.493,3.493
6368,3.493,3.493
6369,3.493,3.493
6370,3.493,3.493
6371,3.493,3.493
6372,3.493,3.493
6373,3.493,3.493
6374,3.493,3.493
6375,3.493,3.493
6376,3.493,3.493
6377,3.493,3.493
6378,3.493,3.493
6379,3.493,3.493
6380,3.493,3.493
6381,3.493,3.493
6382,3.493,3.493
6383,3.493,3.493
6384,3.493,3.493
6385,3.493,3.493
6386,3.493,3.493
6387,3.493,3.493
6388,3.493,3.493
6389,3.493,3.493
6390,3.493,3.493
6391,3.493,3.493
6392,3.493,3.493
6393,3.493,3.493
6394,3.493,3.493
6395,3.493,3.493
6396,3.493,3.493
6397,3.493,3.493
6398,3.493,3.493
6399,3.493,3.493
6400,3.493,3.493
6401,3.493,3.493
6402,3.493,3.493
6403,3.493,3.493
6404,3.493,3.493
6405,3.493,3.493
6406,3.493,3.493
6407,3.493,3.493
6408,3.493,3.493
6409,3.493,3.493
6410,3.493,3.493
6411,3.493,3.493
6412,3.493,3.493
6413,3.493,3.493
6414,3.493,3.493
6415,3.493,3.493
6416,3.493,3.493
6417,3.493,3.493
6418,3.493,3.493
6419,3.493,3.493
6420,3.493,3.493
6421,3.493,3.493
6422,3.493,3.493
6423,3.493,3.493
6424,3.493,3.493
6425,3.493,3.493
6426,3.493,3.493
6427,3.493,3.493
6428,3.493,3.493
6429,3.493,3.493
6430,3.493,3.493
6431,3.493,3.493
6432,3.493,3.493
6433,3.493,3.493
6434,3.493,3.493
6435,3.493,3.493
6436,3.493,3.493
6437,3.493,3.493
6438,3.493,3.493
6439,3.493,3.493
6440,3.493,3.493
6441,3.493,3.493
6442,3.493,3.493
6443,3.493,3.493
6444,3.493,3.493
6445,3.493,3.493
6446,3.493,3.493
6447,3.493,3.493
6448,3.493,3.493
6449,3.493,3.493
6450,3.493,3.493
6451,3.493,3.493
6452,3.493,3.493
6453,3.493,3.493
6454,3.493,3.493
6455,3.493,3.493
6456,3.493,3.493
6457,3.493,3.493
6458,3.493,3.493
6459,3.493,3.493
6460,3.493,3.493
6461,3.493,3.493
6462,3.493,3.493
6463,3.493,3.493
6464,3.493,3.493
6465,3.493,3.493
6466,3.493,3.493
6467,3.493,3.493
6468,3.493,3.493
6469,3.493,3.493
6470,3.493,3.493
6471,3.493,3.493
6472,3.493,3.493
6473,3.493,3.493
6474,3.493,3.493
6475,3.493,3.493
6476,3.493,3.493
6477,3.493,3.493
6478,3.493,3.493
6479,3.493,3.493
6480,3.493,3.493
6481,3.493,3.493
6482,3.493,3.493
6483,3.493,3.493
6484,3.493,3.493
6485,3.493,3.493
6486,3.493,3.493
6487,3.493,3.493
6488,3.493,3.493
6489,3.493,3.493
6490,3.493,3.493
6491,3.493,3.493
6492,3.493,3.493
6493,3.493,3.493
6494,3.493,3.493
6495,3.493,3.493
6496,3.493,3.493
6497,3.493,3.493
6498,3.493,3.493
6499,3.493,3.493
6500,3.493,3.493
6501,3.493,3.493
6502,3.493,3.493
6503,3.493,3.493
6504,3.493,3.493
6505,3.493,3.493
6506,3.493,3.493
6507,3.493,3.493
6508,3.493,3.493
6509,3.493,3.493
6510,3.493,3.493
6511,3.493,3.493
6512,3.493,3.493
6513,3.493,3.493
6514,3.493,3.493
6515,3.493,3.493
6516,3.493,3.493
6517,3.493,3.493
6518,3.493,3.493
6519,3.493,3.493
6520,3.493,3.493
6521,3.493,3.493
6522,3.493,3.493
6523,3.493,3.493
6524,3.493,3.493
6525,3.493,3.493
6526,3.493,3.493
6527,3.493,3.493
6528,3.493,3.493
6529,3.493,3.493
6530,3.493,3.493
6531,3.493,3.493
6532,3.493,3.493
6533,3.493,3.493
6534,3.493,3.493
6535,3.493,3.493
6536,3.493,3.493
6537,3.493,3.493
6538,3.493,3.493
6539,3.493,3.493
6540,3.493,3.493
6541,3.493,3.493
6542,3.493,3.493
6543,3.493,3.493
6544,3.493,3.493
6545,3.493,3.493
6546,3.493,3.493
6547,3.493,3.493
6548,3.493,3.493
6549,3.493,3.493
6550,3.493,3.493
6551,3.493,3.493
6552,3.493,3.493
6553,3.493,3.493
6554,3.493,3.493
6555,3.493,3.493
6556,3.493,3.493
6557,3.493,3.493
6558,3.493,3.493
6559,3.493,3.493
6560,3.493,3.493
6561,3.493,3.493
6562,3.493,3.493
6563,3.493,3.493
6564,3.493,3.493
6565,3.493,3.493
6566,3.493,3.493
6567,3.493,3.493
6568,3.493,3.493
6569,3.493,3.493
6570,3.493,3.493
6571,3.493,3.493
6572,3.493,3.493
6573,3.493,3.493
6574,3.493,3.493
6575,3.493,3.493
6576,3.493,3.493
6577,3.493,3.493
6578,3.493,3.493
6579,3.493,3.493
6580,3.493,3.493
6581,3.493,3.493
6582,3.493,3.493
6583,3.493,3.493
6584,3.493,3.493
6585,3.493,3.493
6586,3.493,3.493
6587,3.493,3.493
6588,3.493,3.493
6589,3.493,3.493
6590,3.493,3.493
6591,3.493,3.493
6592,3.493,3.493
6593,3.493,3.493
6594,3.493,3.493
6595,3.493,3.493
6596,3.493,3.493
6597,3.493,3.493
6598,3.493,3.493
6599,3.493,3.493
6600,3.493,3.493
6601,3.493,3.493
6602,3.493,3.493
6603,3.493,3.493
6604,3.493,3.493
6605,3.493,3.493
6606,3.493,3.493
6607,3.493,3.493
6608,3.493,3.493
6609,3.493,3.493
6610,3.493,3.493
6611,3.493,3.493
6612,3.493,3.493
6613,3.493,3.493
6614,3.493,3.493
6615,3.493,3.493
6616,3.493,3.493
6617,3.493,3.493
6618,3.493,3.493
6619,3.493,3.493
6620,3.493,3.493
6621,3.493,3.493
6622,3.493,3.493
6623,3.493,3.493
6624,3.493,3.493
6625,3.493,3.493
6626,3.493,3.493
6627,3.493,3.493
6628,3.493,3.493
6629,3.493,3.493
6630,3.493,3.493
6631,3.493,3.493
6632,3.493,3.493
6633,3.493,3.493
6634,3.493,3.493
6635,3.493,3.493
6636,3.493,3.493
6637,3.493,3.493
6638,3.493,3.493
6639,3.493,3.493
6640,3.493,3.493
6641,3.493,3.493
6642,3.493,3.493
6643,3.493,3.493
6644,3.493,3.493
6645,3.493,3.493
6646,3.493,3.493
6647,3.493,3.493
6648,3.493,3.493
6649,3.493,3.493
6650,3.493,3.493
6651,3.493,3.493
6652,3.493,3.493
6653,3.493,3.493
6654,3.493,3.493
6655,3.493,3.493
6656,3.493,3.493
6657,3.493,3.493
6658,3.493,3.493
6659,3.493,3.493
6660,3.493,3.493
6661,3.493,3.493
6662,3.493,3.493
6663,3.493,3.493
6664,3.493,3.493
6665,3.493,3.493
6666,3.493,3.493
6667,3.493,3.493
6668,3.493,3.493
6669,3.493,3.493
6670,3.493,3.493
6671,3.493,3.493
6672,3.493,3.493
6673,3.493,3.493
6674,3.493,3.493
6675,3.493,3.493
6676,3.493,3.493
6677,3.493,3.493
6678,3.493,3.493
6679,3.493,3.493
6680,3.493,3.493
6681,3.493,3.493
6682,3.493,3.493
6683,3.493,3.493
6684,3.493,3.493
6685,3.493,3.493
6686,3.493,3.493
6687,3.493,3.493
6688,3.493,3.493
6689,3.493,3.493
6690,3.493,3.493
6691,3.493,3.493
6692,3.493,3.493
6693,3.493,3.493
6694,3.493,3.493
6695,3.493,3.493
6696,3.493,3.493
6697,3.493,3.493
6698,3.493,3.493
6699,3.493,3.493
6700,3.493,3.493
6701,3.493,3.493
6702,3.493,3.493
6703,3.493,3.493
6704,3.493,3.493
6705,3.493,3.493
6706,3.493,3.493
6707,3.493,3.493
6708,3.493,3.493
6709,3.493,3.493
6710,3.493,3.493
6711,3.493,3.493
6712,3.493,3.493
6713,3.493,3.493
6714,3.493,3.493
6715,3.493,3.493
6716,3.493,3.493
6717,3.493,3.493
6718,3.493,3.493
6719,3.493,3.493
6720,3.493,3.493
6721,3.493,3.493
6722,3.493,3.493
6723,3.493,3.493
6724,3.493,3.493
6725,3.493,3.493
6726,3.493,3.493
6727,3.493,3.493
6728,3.493,3.493
6729,3.493,3.493
6730,3.493,3.493
6731,3.493,3.493
6732,3.493,3.493
6733,3.493,3.493
6734,3.493,3.493
6735,3.493,3.493
6736,3.493,3.493
6737,3.493,3.493
6738,3.493,3.493
6739,3.493,3.493
6740,3.493,3.493
6741,3.493,3.493
6742,3.493,3.493
6743,3.493,3.493
6744,3.493,3.493
6745,3.493,3.493
6746,3.493,3.493
6747,3.493,3.493
6748,3.493,3.493
6749,3.493,3.493
6750,3.493,3.493
6751,3.493,3.493
6752,3.493,3.493
6753,3.493,3.493
6754,3.493,3.493
6755,3.493,3.493
6756,3.493,3.493
6757,3.493,3.493
6758,3.493,3.493
6759,3.493,3.493
6760,3.493,3.493
6761,3.493,3.493
6762,3.493,3.493
6763,3.493,3.493
6764,3.493,3.493
6765,3.493,3.493
6766,3.493,3.493
6767,3.493,3.493
6768,3.493,3.493
6769,3.493,3.493
6770,3.493,3.493
6771,3.493,3.493
6772,3.493,3.493
6773,3.493,3.493
6774,3.493,3.493
6775,3.493,3.493
6776,3.493,3.493
6777,3.493,3.493
6778,3.493,3.493
6779,3.493,3.493
6780,3.493,3.493
6781,3.493,3.493
6782,3.493,3.493
6783,3.493,3.493
6784,3.493,3.493
6785,3.493,3.493
6786,3.493,3.493
6787,3.493,3.493
6788,3.493,3.493
6789,3.493,3.493
6790,3.493,3.493
6791,3.493,3.493
6792,3.493,3.493
6793,3.493,3.493
6794,3.493,3.493
6795,3.493,3.493
6796,3.493,3.493
6797,3.493,3.493
6798,3.493,3.493
6799,3.493,3.493
6800,3.493,3.493
6801,3.493,3.493
6802,3.493,3.493
6803,3.493,3.493
6804,3.493,3.493
6805,3.493,3.493
6806,3.493,3.493
6807,3.493,3.493
6808,3.493,3.493
6809,3.493,3.493
6810,3.493,3.493
6811,3.493,3.493
6812,3.493,3.493
6813,3.493,3.493
6814,3.493,3.493
6815,3.493,3.493
6816,3.493,3.493
6817,3.493,3.493
6818,3.493,3.493
6819,3.493,3.493
6820,3.493,3.493
6821,3.493,3.493
6822,3.493,3.493
6823,3.493,3.493
6824,3.493,3.493
6825,3.493,3.493
6826,3.493,3.493
6827,3.493,3.493
6828,3.493,3.493
6829,3.493,3.493
6830,3.493,3.493
6831,3.493,3.493
6832,3.493,3.493
6833,3.493,3.493
6834,3.493,3.493
6835,3.493,3.493
6836,3.493,3.493
6837,3.493,3.493
6838,3.493,3.493
6839,3.493,3.493
6840,3.493,3.493
6841,3.493,3.493
6842,3.493,3.493
6843,3.493,3.493
6844,3.493,3.493
6845,3.493,3.493
6846,3.493,3.493
6847,3.493,3.493
6848,3.493,3.493
6849,3.493,3.493
6850,3.493,3.493
6851,3.493,3.493
6852,3.493,3.493
6853,3.493,3.493
6854,3.493,3.493
6855,3.493,3.493
6856,3.493,3.493
6857,3.493,3.493
6858,3.493,3.493
6859,3.493,3.493
6860,3.493,3.493
6861,3.493,3.493
6862,3.493,3.493
6863,3.493,3.493
6864,3.493,3.493
6865,3.493,3.493
6866,3.493,3.493
6867,3.493,3.493
6868,3.493,3.493
6869,3.493,3.493
6870,3.493,3.493
6871,3.493,3.493
6872,3.493,3.493
6873,3.493,3.493
6874,3.493,3.493
6875,3.493,3.493
6876,3.493,3.493
6877,3.493,3.493
6878,3.493,3.493
6879,3.493,3.493
6880,3.493,3.493
6881,3.493,3.493
6882,3.493,3.493
6883,3.493,3.493
6884,3.493,3.493
6885,3.493,3.493
6886,3.493,3.493
6887,3.493,3.493
6888,3.493,3.493
6889,3.493,3.493
6890,3.493,3.493
6891,3.493,3.493
6892,3.493,3.493
6893,3.493,3.493
6894,3.493,3.493
6895,3.493,3.493
6896,3.493,3.493
6897,3.493,3.493
6898,3.493,3.493
6899,3.493,3.493
6900,3.493,3.493
6901,3.493,3.493
6902,3.493,3.493
6903,3.493,3.493
6904,3.493,3.493
6905,3.493,3.493
6906,3.493,3.493
6907,3.493,3.493
6908,3.493,3.493
6909,3.493,3.493
6910,3.493,3.493
6911,3.493,3.493
6912,3.493,3.493
6913,3.493,3.493
6914,3.493,3.493
6915,3.493,3.493
6916,3.493,3.493
6917,3.493,3.493
6918,3.493,3.493
6919,3.493,3.493
6920,3.493,3.493
6921,3.493,3.493
6922,3.493,3.493
6923,3.493,3.493
6924,3.493,3.493
6925,3.493,3.493
6926,3.493,3.493
6927,3.493,3.493
6928,3.493,3.493
6929,3.493,3.493
6930,3.493,3.493
6931,3.493,3.493
6932,3.493,3.493
6933,3.493,3.493
6934,3.493,3.493
6935,3.493,3.493
6936,3.493,3.493
6937,3.493,3.493
6938,3.493,3.493
6939,3.493,3.493
6940,3.493,3.493
6941,3.493,3.493
6942,3.493,3.493
6943,3.493,3.493
6944,3.493,3.493
6945,3.493,3.493
6946,3.493,3.493
6947,3.493,3.493
6948,3.493,3.493
6949,3.493,3.493
6950,3.493,3.493
6951,3.493,3.493
6952,3.493,3.493
6953,3.493,3.493
6954,3.493,3.493
6955,3.493,3.493
6956,3.493,3.493
6957,3.493,3.493
6958,3.493,3.493
6959,3.493,3.493
6960,3.493,3.493
6961,3.493,3.493
6962,3.493,3.493
6963,3.493,3.493
6964,3.493,3.493
6965,3.493,3.493
6966,3.493,3.493
6967,3.493,3.493
6968,3.493,3.493
6969,3.493,3.493
6970,3.493,3.493
6971,3.493,3.493
6972,3.493,3.493
6973,3.493,3.493
6974,3.493,3.493
6975,3.493,3.493
6976,3.493,3.493
6977,3.493,3.493
6978,3.493,3.493
6979,3.493,3.493
6980,3.493,3.493
6981,3.493,3.493
6982,3.493,3.493
6983,3.493,3.493
6984,3.493,3.493
6985,3.493,3.493
6986,3.493,3.493
6987,3.493,3.493
6988,3.493,3.493
6989,3.493,3.493
6990,3.493,3.493
6991,3.493,3.493
6992,3.493,3.493
6993,3.493,3.493
6994,3.493,3.493
6995,3.493,3.493
6996,3.493,3.493
6997,3.493,3.493
6998,3.493,3.493
6999,3.493,3.493
7000,3.493,3.493
7001,3.493,3.493
7002,3.493,3.493
7003,3.493,3.493
7004,3.493,3.493
7005,3.493,3.493
7006,3.493,3.493
7007,3.493,3.493
7008,3.493,3.493
7009,3.493,3.493
7010,3.493,3.493
7011,3.493,3.493
7012,3.493,3.493
7013,3.493,3.493
7014,3.493,3.493
7015,3.493,3.493
7016,3.493,3.493
7017,3.493,3.493
7018,3.493,3.493
7019,3.493,3.493
7020,3.493,3.493
7021,3.493,3.493
7022,3.493,3.493
7023,3.493,3.493
7024,3.493,3.493
7025,3.493,3.493
7026,3.493,3.493
7027,3.493,3.493
7028,3.493,3.493
7029,3.493,3.493
7030,3.493,3.493
7031,3.493,3.493
7032,3.493,3.493
7033,3.493,3.493
7034,3.493,3.493
7035,3.493,3.493
7036,3.493,3.493
7037,3.493,3.493
7038,3.493,3.493
7039,3.493,3.493
7040,3.493,3.493
7041,3.493,3.493
7042,3.493,3.493
7043,3.493,3.493
7044,3.493,3.493
7045,3.493,3.493
7046,3.493,3.493
7047,3.493,3.493
7048,3.493,3.493
7049,3.493,3.493
7050,3.493,3.493
7051,3.493,3.493
7052,3.493,3.493
7053,3.493,3.493
7054,3.493,3.493
7055,3.493,3.493
7056,3.493,3.493
7057,3.493,3.493
7058,3.493,3.493
7059,3.493,3.493
7060,3.493,3.493
7061,3.493,3.493
7062,3.493,3.493
7063,3.493,3.493
7064,3.493,3.493
7065,3.493,3.493
7066,3.493,3.493
7067,3.493,3.493
7068,3.493,3.493
7069,3.493,3.493
7070,3.493,3.493
7071,3.493,3.493
7072,3.493,3.493
7073,3.493,3.493
7074,3.493,3.493
7075,3.493,3.493
7076,3.493,3.493
7077,3.493,3.493
7078,3.493,3.493
7079,3.493,3.493
7080,3.493,3.493
7081,3.493,3.493
7082,3.493,3.493
7083,3.493,3.493
7084,3.493,3.493
7085,3.493,3.493
7086,3.493,3.493
7087,3.493,3.493
7088,3.493,3.493
7089,3.493,3.493
7090,3.493,3.493
7091,3.493,3.493
7092,3.493,3.493
7093,3.493,3.493
7094,3.493,3.493
7095,3.493,3.493
7096,3.493,3.493
7097,3.493,3.493
7098,3.493,3.493
7099,3.493,3.493
7100,3.493,3.493
7101,3.493,3.493
7102,3.493,3.493
7103,3.493,3.493
7104,3.493,3.493
7105,3.493,3.493
7106,3.493,3.493
7107,3.493,3.493
7108,3.493,3.493
7109,3.493,3.493
7110,3.493,3.493
7111,3.493,3.493
7112,3.493,3.493
7113,3.493,3.493
7114,3.493,3.493
7115,3.493,3.493
7116,3.493,3.493
7117,3.493,3.493
7118,3.493,3.493
7119,3.493,3.493
7120,3.493,3.493
7121,3.493,3.493
7122,3.493,3.493
7123,3.493,3.493
7124,3.493,3.493
7125,3.493,3.493
7126,3.493,3.493
7127,3.493,3.493
7128,3.493,3.493
7129,3.493,3.493
7130,3.493,3.493
7131,3.493,3.493
7132,3.493,3.493
7133,3.493,3.493
7134,3.493,3.493
7135,3.493,3.493
7136,3.493,3.493
7137,3.493,3.493
7138,3.493,3.493
7139,3.493,3.493
7140,3.493,3.493
7141,3.493,3.493
7142,3.493,3.493
7143,3.493,3.493
7144,3.493,3.493
7145,3.493,3.493
7146,3.493,3.493
7147,3.493,3.493
7148,3.493,3.493
7149,3.493,3.493
7150,3.493,3.493
7151,3.493,3.493
7152,3.493,3.493
7153,3.493,3.493
7154,3.493,3.493
7155,3.493,3.493
7156,3.493,3.493
7157,3.493,3.493
7158,3.493,3.493
7159,3.493,3.493
7160,3.493,3.493
7161,3.493,3.493
7162,3.493,3.493
7163,3.493,3.493
7164,3.493,3.493
7165,3.493,3.493
7166,3.493,3.493
7167,3.493,3.493
7168,3.493,3.493
7169,3.493,3.493
7170,3.493,3.493
7171,3.493,3.493
7172,3.493,3.493
7173,3.493,3.493
7174,3.493,3.493
7175,3.493,3.493
7176,3.493,3.493
7177,3.493,3.493
7178,3.493,3.493
7179,3.493,3.493
7180,3.493,3.493
7181,3.493,3.493
7182,3.493,3.493
7183,3.493,3.493
7184,3.493,3.493
7185,3.493,3.493
7186,3.493,3.493
7187,3.493,3.493
7188,3.493,3.493
7189,3.493,3.493
7190,3.493,3.493
7191,3.493,3.493
7192,3.493,3.493
7193,3.493,3.493
7194,3.493,3.493
7195,3.493,3.493
7196,3.493,3.493
7197,3.493,3.493
7198,3.493,3.493
7199,3.493,3.493
7200,3.493,3.493
7201,3.493,3.493
7202,3.493,3.493
7203,3.493,3.493
7204,3.493,3.493
7205,3.493,3.493
7206,3.493,3.493
7207,3.493,3.493
7208,3.493,3.493
7209,3.493,3.493
7210,3.493,3.493
7211,3.493,3.493
7212,3.493,3.493
7213,3.493,3.493
7214,3.493,3.493
7215,3.493,3.493
7216,3.493,3.493
7217,3.493,3.493
7218,3.493,3.493
7219,3.493,3.493
7220,3.493,3.493
7221,3.493,3.493
7222,3.493,3.493
7223,3.493,3.493
7224,3.493,3.493
7225,3.493,3.493
7226,3.493,3.493
7227,3.493,3.493
7228,3.493,3.493
7229,3.493,3.493
7230,3.493,3.493
7231,3.493,3.493
7232,3.493,3.493
7233,3.493,3.493
7234,3.493,3.493
7235,3.493,3.493
7236,3.493,3.493
7237,3.493,3.493
7238,3.493,3.493
7239,3.493,3.493
7240,3.493,3.493
7241,3.493,3.493
7242,3.493,3.493
7243,3.493,3.493
7244,3.493,3.493
7245,3.493,3.493
7246,3.493,3.493
7247,3.493,3.493
7248,3.493,3.493
7249,3.493,3.493
7250,3.493,3.493
7251,3.493,3.493
7252,3.493,3.493
7253,3.493,3.493
7254,3.493,3.493
7255,3.493,3.493
7256,3.493,3.493
7257,3.493,3.493
7258,3.493,3.493
7259,3.493,3.493
7260,3.493,3.493
7261,3.493,3.493
7262,3.493,3.493
7263,3.493,3.493
7264,3.493,3.493
7265,3.493,3.493
7266,3.493,3.493
7267,3.493,3.493
7268,3.493,3.493
7269,3.493,3.493
7270,3.493,3.493
7271,3.493,3.493
7272,3.493,3.493
7273,3.493,3.493
7274,3.493,3.493
7275,3.493,3.493
7276,3.493,3.493
7277,3.493,3.493
7278,3.493,3.493
7279,3.493,3.493
7280,3.493,3.493
7281,3.493,3.493
7282,3.493,3.493
7283,3.493,3.493
7284,3.493,3.493
7285,3.493,3.493
7286,3.493,3.493
7287,3.493,3.493
7288,3.493,3.493
7289,3.493,3.493
7290,3.493,3.493
7291,3.493,3.493
7292,3.493,3.493
7293,3.493,3.493
7294,3.493,3.493
7295,3.493,3.493
7296,3.493,3.493
7297,3.493,3.493
7298,3.493,3.493
7299,3.493,3.493
7300,3.493,3.493
7301,3.493,3.493
7302,3.493,3.493
7303,3.493,3.493
7304,3.493,3.493
7305,3.493,3.493
7306,3.493,3.493
7307,3.493,3.493
7308,3.493,3.493
7309,3.493,3.493
7310,3.493,3.493
7311,3.493,3.493
7312,3.493,3.493
7313,3.493,3.493
7314,3.493,3.493
7315,3.493,3.493
7316,3.493,3.493
7317,3.493,3.493
7318,3.493,3.493
7319,3.493,3.493
7320,3.493,3.493
7321,3.493,3.493
7322,3.493,3.493
7323,3.493,3.493
7324,3.493,3.493
7325,3.493,3.493
7326,3.493,3.493
7327,3.493,3.493
7328,3.493,3.493
7329,3.493,3.493
7330,3.493,3.493
7331,3.493,3.493
7332,3.493,3.493
7333,3.493,3.493
7334,3.493,3.493
7335,3.493,3.493
7336,3.493,3.493
7337,3.493,3.493
7338,3.493,3.493
7339,3.493,3.493
7340,3.493,3.493
7341,3.493,3.493
7342,3.493,3.493
7343,3.493,3.493
7344,3.493,3.493
7345,3.493,3.493
7346,3.493,3.493
7347,3.493,3.493
7348,3.493,3.493
7349,3.493,3.493
7350,3.493,3.493
7351,3.493,3.493
7352,3.493,3.493
7353,3.493,3.493
7354,3.493,3.493
7355,3.493,3.493
7356,3.493,3.493
7357,3.493,3.493
7358,3.493,3.493
7359,3.493,3.493
7360,3.493,3.493
7361,3.493,3.493
7362,3.493,3.493
7363,3.493,3.493
7364,3.493,3.493
7365,3.493,3.493
7366,3.493,3.493
7367,3.493,3.493
7368,3.493,3.493
7369,3.493,3.493
7370,3.493,3.493
7371,3.493,3.493
7372,3.493,3.493
7373,3.493,3.493
7374,3.493,3.493
7375,3.493,3.493
7376,3.493,3.493
7377,3.493,3.493
7378,3.493,3.493
7379,3.493,3.493
7380,3.493,3.493
7381,3.493,3.493
7382,3.493,3.493
7383,3.493,3.493
7384,3.493,3.493
7385,3.493,3.493
7386,3.493,3.493
7387,3.493,3.493
7388,3.493,3.493
7389,3.493,3.493
7390,3.493,3.493
7391,3.493,3.493
7392,3.493,3.493
7393,3.493,3.493
7394,3.493,3.493
7395,3.493,3.493
7396,3.493,3.493
7397,3.493,3.493
7398,3.493,3.493
7399,3.493,3.493
7400,3.493,3.493
7401,3.493,3.493
7402,3.493,3.493
7403,3.493,3.493
7404,3.493,3.493
7405,3.493,3.493
7406,3.493,3.493
7407,3.493,3.493
7408,3.493,3.493
7409,3.493,3.493
7410,3.493,3.493
7411,3.493,3.493
7412,3.493,3.493
7413,3.493,3.493
7414,3.493,3.493
7415,3.493,3.493
7416,3.493,3.493
7417,3.493,3.493
7418,3.493,3.493
7419,3.493,3.493
7420,3.493,3.493
7421,3.493,3.493
7422,3.493,3.493
7423,3.493,3.493
7424,3.493,3.493
7425,3.493,3.493
7426,3.493,3.493
7427,3.493,3.493
7428,3.493,3.493
7429,3.493,3.493
7430,3.493,3.493
7431,3.493,3.493
7432,3.493,3.493
7433,3.493,3.493
7434,3.493,3.493
7435,3.493,3.493
7436,3.493,3.493
7437,3.493,3.493
7438,3.493,3.493
7439,3.493,3.493
7440,3.493,3.493
7441,3.493,3.493
7442,3.493,3.493
7443,3.493,3.493
7444,3.493,3.493
7445,3.493,3.493
7446,3.493,3.493
7447,3.493,3.493
7448,3.493,3.493
7449,3.493,3.493
7450,3.493,3.493
7451,3.493,3.493
7452,3.493,3.493
7453,3.493,3.493
7454,3.493,3.493
7455,3.493,3.493
7456,3.493,3.493
7457,3.493,3.493
7458,3.493,3.493
7459,3.493,3.493
7460,3.493,3.493
7461,3.493,3.493
7462,3.493,3.493
7463,3.493,3.493
7464,3.493,3.493
7465,3.493,3.493
7466,3.493,3.493
7467,3.493,3.493
7468,3.493,3.493
7469,3.493,3.493
7470,3.493,3.493
7471,3.493,3.493
7472,3.493,3.493
7473,3.493,3.493
7474,3.493,3.493
7475,3.493,3.493
7476,3.493,3.493
7477,3.493,3.493
7478,3.493,3.493
7479,3.493,3.493
7480,3.493,3.493
7481,3.493,3.493
7482,3.493,3.493
7483,3.493,3.493
7484,3.493,3.493
7485,3.493,3.493
7486,3.493,3.493
7487,3.493,3.493
7488,3.493,3.493
7489,3.493,3.493
7490,3.493,3.493
7491,3.493,3.493
7492,3.493,3.493
7493,3.493,3.493
7494,3.493,3.493
7495,3.493,3.493
7496,3.493,3.493
7497,3.493,3.493
7498,3.493,3.493
7499,3.493,3.493
7500,3.493,3.493
7501,3.493,3.493
7502,3.493,3.493
7503,3.493,3.493
7504,3.493,3.493
7505,3.493,3.493
7506,3.493,3.493
7507,3.493,3.493
7508,3.493,3.493
7509,3.493,3.493
7510,3.493,3.493
7511,3.493,3.493
7512,3.493,3.493
7513,3.493,3.493
7514,3.493,3.493
7515,3.493,3.493
7516,3.493,3.493
7517,3.493,3.493
7518,3.493,3.493
7519,3.493,3.493
7520,3.493,3.493
7521,3.493,3.493
7522,3.493,3.493
7523,3.493,3.493
7524,3.493,3.493
7525,3.493,3.493
7526,3.493,3.493
7527,3.493,3.493
7528,3.493,3.493
7529,3.493,3.493
7530,3.493,3.493
7531,3.493,3.493
7532,3.493,3.493
7533,3.493,3.493
7534,3.493,3.493
7535,3.493,3.493
7536,3.493,3.493
7537,3.493,3.493
7538,3.493,3.493
7539,3.493,3.493
7540,3.493,3.493
7541,3.493,3.493
7542,3.493,3.493
7543,3.493,3.493
7544,3.493,3.493
7545,3.493,3.493
7546,3.493,3.493
7547,3.493,3.493
7548,3.493,3.493
7549,3.493,3.493
7550,3.493,3.493
7551,3.493,3.493
7552,3.493,3.493
7553,3.493,3.493
7554,3.493,3.493
7555,3.493,3.493
7556,3.493,3.493
7557,3.493,3.493
7558,3.493,3.493
7559,3.493,3.493
7560,3.493,3.493
7561,3.493,3.493
7562,3.493,3.493
7563,3.493,3.493
7564,3.493,3.493
7565,3.493,3.493
7566,3.493,3.493
7567,3.493,3.493
7568,3.493,3.493
7569,3.493,3.493
7570,3.493,3.493
7571,3.493,3.493
7572,3.493,3.493
7573,3.493,3.493
7574,3.493,3.493
7575,3.493,3.493
7576,3.493,3.493
7577,3.493,3.493
7578,3.493,3.493
7579,3.493,3.493
7580,3.493,3.493
7581,3.493,3.493
7582,3.493,3.493
7583,3.493,3.493
7584,3.493,3.493
7585,3.493,3.493
7586,3.493,3.493
7587,3.493,3.493
7588,3.493,3.493
7589,3.493,3.493
7590,3.493,3.493
7591,3.493,3.493
7592,3.493,3.493
7593,3.493,3.493
7594,3.493,3.493
7595,3.493,3.493
7596,3.493,3.493
7597,3.493,3.493
7598,3.493,3.493
7599,3.493,3.493
7600,3.493,3.493
7601,3.493,3.493
7602,3.493,3.493
7603,3.493,3.493
7604,3.493,3.493
7605,3.493,3.493
7606,3.493,3.493
7607,3.493,3.493
7608,3.493,3.493
7609,3.493,3.493
7610,3.493,3.493
7611,3.493,3.493
7612,3.493,3.493
7613,3.493,3.493
7614,3.493,3.493
7615,3.493,3.493
7616,3.493,3.493
7617,3.493,3.493
7618,3.493,3.493
7619,3.493,3.493
7620,3.493,3.493
7621,3.493,3.493
7622,3.493,3.493
7623,3.493,3.493
7624,3.493,3.493
7625,3.493,3.493
7626,3.493,3.493
7627,3.493,3.493
7628,3.493,3.493
7629,3.493,3.493
7630,3.493,3.493
7631,3.493,3.493
7632,3.493,3.493
7633,3.493,3.493
7634,3.493,3.493
7635,3.493,3.493
7636,3.493,3.493
7637,3.493,3.493
7638,3.493,3.493
7639,3.493,3.493
7640,3.493,3.493
7641,3.493,3.493
7642,3.493,3.493
7643,3.493,3.493
7644,3.493,3.493
7645,3.493,3.493
7646,3.493,3.493
7647,3.493,3.493
7648,3.493,3.493
7649,3.493,3.493
7650,3.493,3.493
7651,3.493,3.493
7652,3.493,3.493
7653,3.493,3.493
7654,3.493,3.493
7655,3.493,3.493
7656,3.493,3.493
7657,3.493,3.493
7658,3.493,3.493
7659,3.493,3.493
7660,3.493,3.493
7661,3.493,3.493
7662,3.493,3.493
7663,3.493,3.493
7664,3.493,3.493
7665,3.493,3.493
7666,3.493,3.493
7667,3.493,3.493
7668,3.493,3.493
7669,3.493,3.493
7670,3.493,3.493
7671,3.493,3.493
7672,3.493,3.493
7673,3.493,3.493
7674,3.493,3.493
7675,3.493,3.493
7676,3.493,3.493
7677,3.493,3.493
7678,3.493,3.493
7679,3.493,3.493
7680,3.493,3.493
7681,3.493,3.493
7682,3.493,3.493
7683,3.493,3.493
7684,3.493,3.493
7685,3.493,3.493
7686,3.493,3.493
7687,3.493,3.493
7688,3.493,3.493
7689,3.493,3.493
7690,3.493,3.493
7691,3.493,3.493
7692,3.493,3.493
7693,3.493,3.493
7694,3.493,3.493
7695,3.493,3.493
7696,3.493,3.493
7697,3.493,3.493
7698,3.493,3.493
7699,3.493,3.493
7700,3.493,3.493
7701,3.493,3.493
7702,3.493,3.493
7703,3.493,3.493
7704,3.493,3.493
7705,3.493,3.493
7706,3.493,3.493
7707,3.493,3.493
7708,3.493,3.493
7709,3.493,3.493
7710,3.493,3.493
7711,3.493,3.493
7712,3.493,3.493
7713,3.493,3.493
7714,3.493,3.493
7715,3.493,3.493
7716,3.493,3.493
7717,3.493,3.493
7718,3.493,3.493
7719,3.493,3.493
7720,3.493,3.493
7721,3.493,3.493
7722,3.493,3.493
7723,3.493,3.493
7724,3.493,3.493
7725,3.493,3.493
7726,3.493,3.493
7727,3.493,3.493
7728,3.493,3.493
7729,3.493,3.493
7730,3.493,3.493
7731,3.493,3.493
7732,3.493,3.493
7733,3.493,3.493
7734,3.493,3.493
7735,3.493,3.493
7736,3.493,3.493
7737,3.493,3.493
7738,3.493,3.493
7739,3.493,3.493
7740,3.493,3.493
7741,3.493,3.493
7742,3.493,3.493
7743,3.493,3.493
7744,3.493,3.493
7745,3.493,3.493
7746,3.493,3.493
7747,3.493,3.493
7748,3.493,3.493
7749,3.493,3.493
7750,3.493,3.493
7751,3.493,3.493
7752,3.493,3.493
7753,3.493,3.493
7754,3.493,3.493
7755,3.493,3.493
7756,3.493,3.493
7757,3.493,3.493
7758,3.493,3.493
7759,3.493,3.493
7760,3.493,3.493
7761,3.493,3.493
7762,3.493,3.493
7763,3.493,3.493
7764,3.493,3.493
7765,3.493,3.493
7766,3.493,3.493
7767,3.493,3.493
7768,3.493,3.493
7769,3.493,3.493
7770,3.493,3.493
7771,3.493,3.493
7772,3.493,3.493
7773,3.493,3.493
7774,3.493,3.493
7775,3.493,3.493
7776,3.493,3.493
7777,3.493,3.493
7778,3.493,3.493
7779,3.493,3.493
7780,3.493,3.493
7781,3.493,3.493
7782,3.493,3.493
7783,3.493,3.493
7784,3.493,3.493
7785,3.493,3.493
7786,3.493,3.493
7787,3.493,3.493
7788,3.493,3.493
7789,3.493,3.493
7790,3.493,3.493
7791,3.493,3.493
7792,3.493,3.493
7793,3.493,3.493
7794,3.493,3.493
7795,3.493,3.493
7796,3.493,3.493
7797,3.493,3.493
7798,3.493,3.493
7799,3.493,3.493
7800,3.493,3.493
7801,3.493,3.493
7802,3.493,3.493
7803,3.493,3.493
7804,3.493,3.493
7805,3.493,3.493
7806,3.493,3.493
7807,3.493,3.493
7808,3.493,3.493
7809,3.493,3.493
7810,3.493,3.493
7811,3.493,3.493
7812,3.493,3.493
7813,3.493,3.493
7814,3.493,3.493
7815,3.493,3.493
7816,3.493,3.493
7817,3.493,3.493
7818,3.493,3.493
7819,3.493,3.493
7820,3.493,3.493
7821,3.493,3.493
7822,3.493,3.493
7823,3.493,3.493
7824,3.493,3.493
7825,3.493,3.493
7826,3.493,3.493
7827,3.493,3.493
7828,3.493,3.493
7829,3.493,3.493
7830,3.493,3.493
7831,3.493,3.493
7832,3.493,3.493
7833,3.493,3.493
7834,3.493,3.493
7835,3.493,3.493
7836,3.493,3.493
7837,3.493,3.493
7838,3.493,3.493
7839,3.493,3.493
7840,3.493,3.493
7841,3.493,3.493
7842,3.493,3.493
7843,3.493,3.493
7844,3.493,3.493
7845,3.493,3.493
7846,3.493,3.493
7847,3.493,3.493
7848,3.493,3.493
7849,3.493,3.493
7850,3.493,3.493
7851,3.493,3.493
7852,3.493,3.493
7853,3.493,3.493
7854,3.493,3.493
7855,3.493,3.493
7856,3.493,3.493
7857,3.493,3.493
7858,3.493,3.493
7859,3.493,3.493
7860,3.493,3.493
7861,3.493,3.493
7862,3.493,3.493
7863,3.493,3.493
7864,3.493,3.493
7865,3.493,3.493
7866,3.493,3.493
7867,3.493,3.493
7868,3.493,3.493
7869,3.493,3.493
7870,3.493,3.493
7871,3.493,3.493
7872,3.493,3.493
7873,3.493,3.493
7874,3.493,3.493
7875,3.493,3.493
7876,3.493,3.493
7877,3.493,3.493
7878,3.493,3.493
7879,3.493,3.493
7880,3.493,3.493
7881,3.493,3.493
7882,3.493,3.493
7883,3.493,3.493
7884,3.493,3.493
7885,3.493,3.493
7886,3.493,3.493
7887,3.493,3.493
7888,3.493,3.493
7889,3.493,3.493
7890,3.493,3.493
7891,3.493,3.493
7892,3.493,3.493
7893,3.493,3.493
7894,3.493,3.493
7895,3.493,3.493
7896,3.493,3.493
7897,3.493,3.493
7898,3.493,3.493
7899,3.493,3.493
7900,3.493,3.493
7901,3.493,3.493
7902,3.493,3.493
7903,3.493,3.493
7904,3.493,3.493
7905,3.493,3.493
7906,3.493,3.493
7907,3.493,3.493
7908,3.493,3.493
7909,3.493,3.493
7910,3.493,3.493
7911,3.493,3.493
7912,3.493,3.493
7913,3.493,3.493
7914,3.493,3.493
7915,3.493,3.493
7916,3.493,3.493
7917,3.493,3.493
7918,3.493,3.493
7919,3.493,3.493
7920,3.493,3.493
7921,3.493,3.493
7922,3.493,3.493
7923,3.493,3.493
7924,3.493,3.493
7925,3.493,3.493
7926,3.493,3.493
7927,3.493,3.493
7928,3.493,3.493
7929,3.493,3.493
7930,3.493,3.493
7931,3.493,3.493
7932,3.493,3.493
7933,3.493,3.493
7934,3.493,3.493
7935,3.493,3.493
7936,3.493,3.493
7937,3.493,3.493
7938,3.493,3.493
7939,3.493,3.493
7940,3.493,3.493
7941,3.493,3.493
7942,3.493,3.493
7943,3.493,3.493
7944,3.493,3.493
7945,3.493,3.493
7946,3.493,3.493
7947,3.493,3.493
7948,3.493,3.493
7949,3.493,3.493
7950,3.493,3.493
7951,3.493,3.493
7952,3.493,3.493
7953,3.493,3.493
7954,3.493,3.493
7955,3.493,3.493
7956,3.493,3.493
7957,3.493,3.493
7958,3.493,3.493
7959,3.493,3.493
7960,3.493,3.493
7961,3.493,3.493
7962,3.493,3.493
7963,3.493,3.493
7964,3.493,3.493
7965,3.493,3.493
7966,3.493,3.493
7967,3.493,3.493
7968,3.493,3.493
7969,3.493,3.493
7970,3.493,3.493
7971,3.493,3.493
7972,3.493,3.493
7973,3.493,3.493
7974,3.493,3.493
7975,3.493,3.493
7976,3.493,3.493
7977,3.493,3.493
7978,3.493,3.493
7979,3.493,3.493
7980,3.493,3.493
7981,3.493,3.493
7982,3.493,3.493
7983,3.493,3.493
7984,3.493,3.493
7985,3.493,3.493
7986,3.493,3.493
7987,3.493,3.493
7988,3.493,3.493
7989,3.493,3.493
7990,3.493,3.493
7991,3.493,3.493
7992,3.493,3.493
7993,3.493,3.493
7994,3.493,3.493
7995,3.493,3.493
7996,3.493,3.493
7997,3.493,3.493
7998,3.493,3.493
7999,3.493,3.493
8000,3.493,3.493
8001,3.493,3.493
8002,3.493,3.493
8003,3.493,3.493
8004,3.493,3.493
8005,3.493,3.493
8006,3.493,3.493
8007,3.493,3.493
8008,3.493,3.493
8009,3.493,3.493
8010,3.493,3.493
8011,3.493,3.493
8012,3.493,3.493
8013,3.493,3.493
8014,3.493,3.493
8015,3.493,3.493
8016,3.493,3.493
8017,3.493,3.493
8018,3.493,3.493
8019,3.493,3.493
8020,3.493,3.493
8021,3.493,3.493
8022,3.493,3.493
8023,3.493,3.493
8024,3.493,3.493
8025,3.493,3.493
8026,3.493,3.493
8027,3.493,3.493
8028,3.493,3.493
8029,3.493,3.493
8030,3.493,3.493
8031,3.493,3.493
8032,3.493,3.493
8033,3.493,3.493
8034,3.493,3.493
8035,3.493,3.493
8036,3.493,3.493
8037,3.493,3.493
8038,3.493,3.493
8039,3.493,3.493
8040,3.493,3.493
8041,3.493,3.493
8042,3.493,3.493
8043,3.493,3.493
8044,3.493,3.493
8045,3.493,3.493
8046,3.493,3.493
8047,3.493,3.493
8048,3.493,3.493
8049,3.493,3.493
8050,3.493,3.493
8051,3.493,3.493
8052,3.493,3.493
8053,3.493,3.493
8054,3.493,3.493
8055,3.493,3.493
8056,3.493,3.493
8057,3.493,3.493
8058,3.493,3.493
8059,3.493,3.493
8060,3.493,3.493
8061,3.493,3.493
8062,3.493,3.493
8063,3.493,3.493
8064,3.493,3.493
8065,3.493,3.493
8066,3.493,3.493
8067,3.493,3.493
8068,3.493,3.493
8069,3.493,3.493
8070,3.493,3.493
8071,3.493,3.493
8072,3.493,3.493
8073,3.493,3.493
8074,3.493,3.493
8075,3.493,3.493
8076,3.493,3.493
8077,3.493,3.493
8078,3.493,3.493
8079,3.493,3.493
8080,3.493,3.493
8081,3.493,3.493
8082,3.493,3.493
8083,3.493,3.493
8084,3.493,3.493
8085,3.493,3.493
8086,3.493,3.493
8087,3.493,3.493
8088,3.493,3.493
8089,3.493,3.493
8090,3.493,3.493
8091,3.493,3.493
8092,3.493,3.493
8093,3.493,3.493
8094,3.493,3.493
8095,3.493,3.493
8096,3.493,3.493
8097,3.493,3.493
8098,3.493,3.493
8099,3.493,3.493
8100,3.493,3.493
8101,3.493,3.493
8102,3.493,3.493
8103,3.493,3.493
8104,3.493,3.493
8105,3.493,3.493
8106,3.493,3.493
8107,3.493,3.493
8108,3.493,3.493
8109,3.493,3.493
8110,3.493,3.493
8111,3.493,3.493
8112,3.493,3.493
8113,3.493,3.493
8114,3.493,3.493
8115,3.493,3.493
8116,3.493,3.493
8117,3.493,3.493
8118,3.493,3.493
8119,3.493,3.493
8120,3.493,3.493
8121,3.493,3.493
8122,3.493,3.493
8123,3.493,3.493
8124,3.493,3.493
8125,3.493,3.493
8126,3.493,3.493
8127,3.493,3.493
8128,3.493,3.493
8129,3.493,3.493
8130,3.493,3.493
8131,3.493,3.493
8132,3.493,3.493
8133,3.493,3.493
8134,3.493,3.493
8135,3.493,3.493
8136,3.493,3.493
8137,3.493,3.493
8138,3.493,3.493
8139,3.493,3.493
8140,3.493,3.493
8141,3.493,3.493
8142,3.493,3.493
8143,3.493,3.493
8144,3.493,3.493
8145,3.493,3.493
8146,3.493,3.493
8147,3.493,3.493
8148,3.493,3.493
8149,3.493,3.493
8150,3.493,3.493
8151,3.493,3.493
8152,3.493,3.493
8153,3.493,3.493
8154,3.493,3.493
8155,3.493,3.493
8156,3.493,3.493
8157,3.493,3.493
8158,3.493,3.493
8159,3.493,3.493
8160,3.493,3.493
8161,3.493,3.493
8162,3.493,3.493
8163,3.493,3.493
8164,3.493,3.493
8165,3.493,3.493
8166,3.493,3.493
8167,3.493,3.493
8168,3.493,3.493
8169,3.493,3.493
8170,3.493,3.493
8171,3.493,3.493
8172,3.493,3.493
8173,3.493,3.493
8174,3.493,3.493
8175,3.493,3.493
8176,3.493,3.493
8177,3.493,3.493
8178,3.493,3.493
8179,3.493,3.493
8180,3.493,3.493
8181,3.493,3.493
8182,3.493,3.493
8183,3.493,3.493
8184,3.493,3.493
8185,3.493,3.493
8186,3.493,3.493
8187,3.493,3.493
8188,3.493,3.493
8189,3.493,3.493
8190,3.493,3.493
8191,3.493,3.493
8192,3.493,3.493
8193,3.493,3.493
8194,3.493,3.493
8195,3.493,3.493
8196,3.493,3.493
8197,3.493,3.493
8198,3.493,3.493
8199,3.493,3.493
8200,3.493,3.493
8201,3.493,3.493
8202,3.493,3.493
8203,3.493,3.493
8204,3.493,3.493
8205,3.493,3.493
8206,3.493,3.493
8207,3.493,3.493
8208,3.493,3.493
8209,3.493,3.493
8210,3.493,3.493
8211,3.493,3.493
8212,3.493,3.493
8213,3.493,3.493
8214,3.493,3.493
8215,3.493,3.493
8216,3.493,3.493
8217,3.493,3.493
8218,3.493,3.493
8219,3.493,3.493
8220,3.493,3.493
8221,3.493,3.493
8222,3.493,3.493
8223,3.493,3.493
8224,3.493,3.493
8225,3.493,3.493
8226,3.493,3.493
8227,3.493,3.493
8228,3.493,3.493
8229,3.493,3.493
8230,3.493,3.493
8231,3.493,3.493
8232,3.493,3.493
8233,3.493,3.493
8234,3.493,3.493
8235,3.493,3.493
8236,3.493,3.493
8237,3.493,3.493
8238,3.493,3.493
8239,3.493,3.493
8240,3.493,3.493
8241,3.493,3.493
8242,3.493,3.493
8243,3.493,3.493
8244,3.493,3.493
8245,3.493,3.493
8246,3.493,3.493
8247,3.493,3.493
8248,3.493,3.493
8249,3.493,3.493
8250,3.493,3.493
8251,3.493,3.493
8252,3.493,3.493
8253,3.493,3.493
8254,3.493,3.493
8255,3.493,3.493
8256,3.493,3.493
8257,3.493,3.493
8258,3.493,3.493
8259,3.493,3.493
8260,3.493,3.493
8261,3.493,3.493
8262,3.493,3.493
8263,3.493,3.493
8264,3.493,3.493
8265,3.493,3.493
8266,3.493,3.493
8267,3.493,3.493
8268,3.493,3.493
8269,3.493,3.493
8270,3.493,3.493
8271,3.493,3.493
8272,3.493,3.493
8273,3.493,3.493
8274,3.493,3.493
8275,3.493,3.493
8276,3.493,3.493
8277,3.493,3.493
8278,3.493,3.493
8279,3.493,3.493
8280,3.493,3.493
8281,3.493,3.493
8282,3.493,3.493
8283,3.493,3.493
8284,3.493,3.493
8285,3.493,3.493
8286,3.493,3.493
8287,3.493,3.493
8288,3.493,3.493
8289,3.493,3.493
8290,3.493,3.493
8291,3.493,3.493
8292,3.493,3.493
8293,3.493,3.493
8294,3.493,3.493
8295,3.493,3.493
8296,3.493,3.493
8297,3.493,3.493
8298,3.493,3.493
8299,3.493,3.493
8300,3.493,3.493
8301,3.493,3.493
8302,3.493,3.493
8303,3.493,3.493
8304,3.493,3.493
8305,3.493,3.493
8306,3.493,3.493
8307,3.493,3.493
8308,3.493,3.493
8309,3.493,3.493
8310,3.493,3.493
8311,3.493,3.493
8312,3.493,3.493
8313,3.493,3.493
8314,3.493,3.493
8315,3.493,3.493
8316,3.493,3.493
8317,3.493,3.493
8318,3.493,3.493
8319,3.493,3.493
8320,3.493,3.493
8321,3.493,3.493
8322,3.493,3.493
8323,3.493,3.493
8324,3.493,3.493
8325,3.493,3.493
8326,3.493,3.493
8327,3.493,3.493
8328,3.493,3.493
8329,3.493,3.493
8330,3.493,3.493
8331,3.493,3.493
8332,3.493,3.493
8333,3.493,3.493
8334,3.493,3.493
8335,3.493,3.493
8336,3.493,3.493
8337,3.493,3.493
8338,3.493,3.493
8339,3.493,3.493
8340,3.493,3.493
8341,3.493,3.493
8342,3.493,3.493
8343,3.493,3.493
8344,3.493,3.493
8345,3.493,3.493
8346,3.493,3.493
8347,3.493,3.493
8348,3.493,3.493
8349,3.493,3.493
8350,3.493,3.493
8351,3.493,3.493
8352,3.493,3.493
8353,3.493,3.493
8354,3.493,3.493
8355,3.493,3.493
8356,3.493,3.493
8357,3.493,3.493
8358,3.493,3.493
8359,3.493,3.493
8360,3.493,3.493
8361,3.493,3.493
8362,3.493,3.493
8363,3.493,3.493
8364,3.493,3.493
8365,3.493,3.493
8366,3.493,3.493
8367,3.493,3.493
8368,3.493,3.493
8369,3.493,3.493
8370,3.493,3.493
8371,3.493,3.493
8372,3.493,3.493
8373,3.493,3.493
8374,3.493,3.493
8375,3.493,3.493
8376,3.493,3.493
8377,3.493,3.493
8378,3.493,3.493
8379,3.493,3.493
8380,3.493,3.493
8381,3.493,3.493
8382,3.493,3.493
8383,3.493,3.493
8384,3.493,3.493
8385,3.493,3.493
8386,3.493,3.493
8387,3.493,3.493
8388,3.493,3.493
8389,3.493,3.493
8390,3.493,3.493
8391,3.493,3.493
8392,3.493,3.493
8393,3.493,3.493
8394,3.493,3.493
8395,3.493,3.493
8396,3.493,3.493
8397,3.493,3.493
8398,3.493,3.493
8399,3.493,3.493
8400,3.493,3.493
8401,3.493,3.493
8402,3.493,3.493
8403,3.493,3.493
8404,3.493,3.493
8405,3.493,3.493
8406,3.493,3.493
8407,3.493,3.493
8408,3.493,3.493
8409,3.493,3.493
8410,3.493,3.493
8411,3.493,3.493
8412,3.493,3.493
8413,3.493,3.493
8414,3.493,3.493
8415,3.493,3.493
8416,3.493,3.493
8417,3.493,3.493
8418,3.493,3.493
8419,3.493,3.493
8420,3.493,3.493
8421,3.493,3.493
8422,3.493,3.493
8423,3.493,3.493
8424,3.493,3.493
8425,3.493,3.493
8426,3.493,3.493
8427,3.493,3.493
8428,3.493,3.493
8429,3.493,3.493
8430,3.493,3.493
8431,3.493,3.493
8432,3.493,3.493
8433,3.493,3.493
8434,3.493,3.493
8435,3.493,3.493
8436,3.493,3.493
8437,3.493,3.493
8438,3.493,3.493
8439,3.493,3.493
8440,3.493,3.493
8441,3.493,3.493
8442,3.493,3.493
8443,3.493,3.493
8444,3.493,3.493
8445,3.493,3.493
8446,3.493,3.493
8447,3.493,3.493
8448,3.493,3.493
8449,3.493,3.493
8450,3.493,3.493
8451,3.493,3.493
8452,3.493,3.493
8453,3.493,3.493
8454,3.493,3.493
8455,3.493,3.493
8456,3.493,3.493
8457,3.493,3.493
8458,3.493,3.493
8459,3.493,3.493
8460,3.493,3.493
8461,3.493,3.493
8462,3.493,3.493
8463,3.493,3.493
8464,3.493,3.493
8465,3.493,3.493
8466,3.493,3.493
8467,3.493,3.493
8468,3.493,3.493
8469,3.493,3.493
8470,3.493,3.493
8471,3.493,3.493
8472,3.493,3.493
8473,3.493,3.493
8474,3.493,3.493
8475,3.493,3.493
8476,3.493,3.493
8477,3.493,3.493
8478,3.493,3.493
8479,3.493,3.493
8480,3.493,3.493
8481,3.493,3.493
8482,3.493,3.493
8483,3.493,3.493
8484,3.493,3.493
8485,3.493,3.493
8486,3.493,3.493
8487,3.493,3.493
8488,3.493,3.493
8489,3.493,3.493
8490,3.493,3.493
8491,3.493,3.493
8492,3.493,3.493
8493,3.493,3.493
8494,3.493,3.493
8495,3.493,3.493
8496,3.493,3.493
8497,3.493,3.493
8498,3.493,3.493
8499,3.493,3.493
8500,3.493,3.493
8501,3.493,3.493
8502,3.493,3.493
8503,3.493,3.493
8504,3.493,3.493
8505,3.493,3.493
8506,3.493,3.493
8507,3.493,3.493
8508,3.493,3.493
8509,3.493,3.493
8510,3.493,3.493
8511,3.493,3.493
8512,3.493,3.493
8513,3.493,3.493
8514,3.493,3.493
8515,3.493,3.493
8516,3.493,3.493
8517,3.493,3.493
8518,3.493,3.493
8519,3.493,3.493
8520,3.493,3.493
8521,3.493,3.493
8522,3.493,3.493
8523,3.493,3.493
8524,3.493,3.493
8525,3.493,3.493
8526,3.493,3.493
8527,3.493,3.493
8528,3.493,3.493
8529,3.493,3.493
8530,3.493,3.493
8531,3.493,3.493
8532,3.493,3.493
8533,3.493,3.493
8534,3.493,3.493
8535,3.493,3.493
8536,3.493,3.493
8537,3.493,3.493
8538,3.493,3.493
8539,3.493,3.493
8540,3.493,3.493
8541,3.493,3.493
8542,3.493,3.493
8543,3.493,3.493
8544,3.493,3.493
8545,3.493,3.493
8546,3.493,3.493
8547,3.493,3.493
8548,3.493,3.493
8549,3.493,3.493
8550,3.493,3.493
8551,3.493,3.493
8552,3.493,3.493
8553,3.493,3.493
8554,3.493,3.493
8555,3.493,3.493
8556,3.493,3.493
8557,3.493,3.493
8558,3.493,3.493
8559,3.493,3.493
8560,3.493,3.493
8561,3.493,3.493
8562,3.493,3.493
8563,3.493,3.493
8564,3.493,3.493
8565,3.493,3.493
8566,3.493,3.493
8567,3.493,3.493
8568,3.493,3.493
8569,3.493,3.493
8570,3.493,3.493
8571,3.493,3.493
8572,3.493,3.493
8573,3.493,3.493
8574,3.493,3.493
8575,3.493,3.493
8576,3.493,3.493
8577,3.493,3.493
8578,3.493,3.493
8579,3.493,3.493
8580,3.493,3.493
8581,3.493,3.493
8582,3.493,3.493
8583,3.493,3.493
8584,3.493,3.493
8585,3.493,3.493
8586,3.493,3.493
8587,3.493,3.493
8588,3.493,3.493
8589,3.493,3.493
8590,3.493,3.493
8591,3.493,3.493
8592,3.493,3.493
8593,3.493,3.493
8594,3.493,3.493
8595,3.493,3.493
8596,3.493,3.493
8597,3.493,3.493
8598,3.493,3.493
8599,3.493,3.493
8600,3.493,3.493
8601,3.493,3.493
8602,3.493,3.493
8603,3.493,3.493
8604,3.493,3.493
8605,3.493,3.493
8606,3.493,3.493
8607,3.493,3.493
8608,3.493,3.493
8609,3.493,3.493
8610,3.493,3.493
8611,3.493,3.493
8612,3.493,3.493
8613,3.493,3.493
8614,3.493,3.493
8615,3.493,3.493
8616,3.493,3.493
8617,3.493,3.493
8618,3.493,3.493
8619,3.493,3.493
8620,3.493,3.493
8621,3.493,3.493
8622,3.493,3.493
8623,3.493,3.493
8624,3.493,3.493
8625,3.493,3.493
8626,3.493,3.493
8627,3.493,3.493
8628,3.493,3.493
8629,3.493,3.493
8630,3.493,3.493
8631,3.493,3.493
8632,3.493,3.493
8633,3.493,3.493
8634,3.493,3.493
8635,3.493,3.493
8636,3.493,3.493
8637,3.493,3.493
8638,3.493,3.493
8639,3.493,3.493
8640,3.493,3.493
8641,3.493,3.493
8642,3.493,3.493
8643,3.493,3.493
8644,3.493,3.493
8645,3.493,3.493
8646,3.493,3.493
8647,3.493,3.493
8648,3.493,3.493
8649,3.493,3.493
8650,3.493,3.493
8651,3.493,3.493
8652,3.493,3.493
8653,3.493,3.493
8654,3.493,3.493
8655,3.493,3.493
8656,3.493,3.493
8657,3.493,3.493
8658,3.493,3.493
8659,3.493,3.493
8660,3.493,3.493
8661,3.493,3.493
8662,3.493,3.493
8663,3.493,3.493
8664,3.493,3.493
8665,3.493,3.493
8666,3.493,3.493
8667,3.493,3.493
8668,3.493,3.493
8669,3.493,3.493
8670,3.493,3.493
8671,3.493,3.493
8672,3.493,3.493
8673,3.493,3.493
8674,3.493,3.493
8675,3.493,3.493
8676,3.493,3.493
8677,3.493,3.493
8678,3.493,3.493
8679,3.493,3.493
8680,3.493,3.493
8681,3.493,3.493
8682,3.493,3.493
8683,3.493,3.493
8684,3.493,3.493
8685,3.493,3.493
8686,3.493,3.493
8687,3.493,3.493
8688,3.493,3.493
8689,3.493,3.493
8690,3.493,3.493
8691,3.493,3.493
8692,3.493,3.493
8693,3.493,3.493
8694,3.493,3.493
8695,3.493,3.493
8696,3.493,3.493
8697,3.493,3.493
8698,3.493,3.493
8699,3.493,3.493
8700,3.493,3.493
8701,3.493,3.493
8702,3.493,3.493
8703,3.493,3.493
8704,3.493,3.493
8705,3.493,3.493
8706,3.493,3.493
8707,3.493,3.493
8708,3.493,3.493
8709,3.493,3.493
8710,3.493,3.493
8711,3.493,3.493
8712,3.493,3.493
8713,3.493,3.493
8714,3.493,3.493
8715,3.493,3.493
8716,3.493,3.493
8717,3.493,3.493
8718,3.493,3.493
8719,3.493,3.493
8720,3.493,3.493
8721,3.493,3.493
8722,3.493,3.493
8723,3.493,3.493
8724,3.493,3.493
8725,3.493,3.493
8726,3.493,3.493
8727,3.493,3.493
8728,3.493,3.493
8729,3.493,3.493
8730,3.493,3.493
8731,3.493,3.493
8732,3.493,3.493
8733,3.493,3.493
8734,3.493,3.493
8735,3.493,3.493
8736,3.493,3.493
8737,3.493,3.493
8738,3.493,3.493
8739,3.493,3.493
8740,3.493,3.493
8741,3.493,3.493
8742,3.493,3.493
8743,3.493,3.493
8744,3.493,3.493
8745,3.493,3.493
8746,3.493,3.493
8747,3.493,3.493
8748,3.493,3.493
8749,3.493,3.493
8750,3.493,3.493
8751,3.493,3.493
8752,3.493,3.493
8753,3.493,3.493
8754,3.493,3.493
8755,3.493,3.493
8756,3.493,3.493
8757,3.493,3.493
8758,3.493,3.493
8759,3.493,3.493
8760,3.493,3.493
8761,3.493,3.493
8762,3.493,3.493
8763,3.493,3.493
8764,3.493,3.493
8765,3.493,3.493
8766,3.493,3.493
8767,3.493,3.493
8768,3.493,3.493
8769,3.493,3.493
8770,3.493,3.493
8771,3.493,3.493
8772,3.493,3.493
8773,3.493,3.493
8774,3.493,3.493
8775,3.493,3.493
8776,3.493,3.493
8777,3.493,3.493
8778,3.493,3.493
8779,3.493,3.493
8780,3.493,3.493
8781,3.493,3.493
8782,3.493,3.493
8783,3.493,3.493
8784,3.493,3.493
8785,3.493,3.493
8786,3.493,3.493
8787,3.493,3.493
8788,3.493,3.493
8789,3.493,3.493
8790,3.493,3.493
8791,3.493,3.493
8792,3.493,3.493
8793,3.493,3.493
8794,3.493,3.493
8795,3.493,3.493
8796,3.493,3.493
8797,3.493,3.493
8798,3.493,3.493
8799,3.493,3.493
8800,3.493,3.493
8801,3.493,3.493
8802,3.493,3.493
8803,3.493,3.493
8804,3.493,3.493
8805,3.493,3.493
8806,3.493,3.493
8807,3.493,3.493
8808,3.493,3.493
8809,3.493,3.493
8810,3.493,3.493
8811,3.493,3.493
8812,3.493,3.493
8813,3.493,3.493
8814,3.493,3.493
8815,3.493,3.493
8816,3.493,3.493
8817,3.493,3.493
8818,3.493,3.493
8819,3.493,3.493
8820,3.493,3.493
8821,3.493,3.493
8822,3.493,3.493
8823,3.493,3.493
8824,3.493,3.493
8825,3.493,3.493
8826,3.493,3.493
8827,3.493,3.493
8828,3.493,3.493
8829,3.493,3.493
8830,3.493,3.493
8831,3.493,3.493
8832,3.493,3.493
8833,3.493,3.493
8834,3.493,3.493
8835,3.493,3.493
8836,3.493,3.493
8837,3.493,3.493
8838,3.493,3.493
8839,3.493,3.493
8840,3.493,3.493
8841,3.493,3.493
8842,3.493,3.493
8843,3.493,3.493
8844,3.493,3.493
8845,3.493,3.493
8846,3.493,3.493
8847,3.493,3.493
8848,3.493,3.493
8849,3.493,3.493
8850,3.493,3.493
8851,3.493,3.493
8852,3.493,3.493
8853,3.493,3.493
8854,3.493,3.493
8855,3.493,3.493
8856,3.493,3.493
8857,3.493,3.493
8858,3.493,3.493
8859,3.493,3.493
8860,3.493,3.493
8861,3.493,3.493
8862,3.493,3.493
8863,3.493,3.493
8864,3.493,3.493
8865,3.493,3.493
8866,3.493,3.493
8867,3.493,3.493
8868,3.493,3.493
8869,3.493,3.493
8870,3.493,3.493
8871,3.493,3.493
8872,3.493,3.493
8873,3.493,3.493
8874,3.493,3.493
8875,3.493,3.493
8876,3.493,3.493
8877,3.493,3.493
8878,3.493,3.493
8879,3.493,3.493
8880,3.493,3.493
8881,3.493,3.493
8882,3.493,3.493
8883,3.493,3.493
8884,3.493,3.493
8885,3.493,3.493
8886,3.493,3.493
8887,3.493,3.493
8888,3.493,3.493
8889,3.493,3.493
8890,3.493,3.493
8891,3.493,3.493
8892,3.493,3.493
8893,3.493,3.493
8894,3.493,3.493
8895,3.493,3.493
8896,3.493,3.493
8897,3.493,3.493
8898,3.493,3.493
8899,3.493,3.493
8900,3.493,3.493
8901,3.493,3.493
8902,3.493,3.493
8903,3.493,3.493
8904,3.493,3.493
8905,3.493,3.493
8906,3.493,3.493
8907,3.493,3.493
8908,3.493,3.493
8909,3.493,3.493
8910,3.493,3.493
8911,3.493,3.493
8912,3.493,3.493
8913,3.493,3.493
8914,3.493,3.493
8915,3.493,3.493
8916,3.493,3.493
8917,3.493,3.493
8918,3.493,3.493
8919,3.493,3.493
8920,3.493,3.493
8921,3.493,3.493
8922,3.493,3.493
8923,3.493,3.493
8924,3.493,3.493
8925,3.493,3.493
8926,3.493,3.493
8927,3.493,3.493
8928,3.493,3.493
8929,3.493,3.493
8930,3.493,3.493
8931,3.493,3.493
8932,3.493,3.493
8933,3.493,3.493
8934,3.493,3.493
8935,3.493,3.493
8936,3.493,3.493
8937,3.493,3.493
8938,3.493,3.493
8939,3.493,3.493
8940,3.493,3.493
8941,3.493,3.493
8942,3.493,3.493
8943,3.493,3.493
8944,3.493,3.493
8945,3.493,3.493
8946,3.493,3.493
8947,3.493,3.493
8948,3.493,3.493
8949,3.493,3.493
8950,3.493,3.493
8951,3.493,3.493
8952,3.493,3.493
8953,3.493,3.493
8954,3.493,3.493
8955,3.493,3.493
8956,3.493,3.493
8957,3.493,3.493
8958,3.493,3.493
8959,3.493,3.493
8960,3.493,3.493
8961,3.493,3.493
8962,3.493,3.493
8963,3.493,3.493
8964,3.493,3.493
8965,3.493,3.493
8966,3.493,3.493
8967,3.493,3.493
8968,3.493,3.493
8969,3.493,3.493
8970,3.493,3.493
8971,3.493,3.493
8972,3.493,3.493
8973,3.493,3.493
8974,3.493,3.493
8975,3.493,3.493
8976,3.493,3.493
8977,3.493,3.493
8978,3.493,3.493
8979,3.493,3.493
8980,3.493,3.493
8981,3.493,3.493
8982,3.493,3.493
8983,3.493,3.493
8984,3.493,3.493
8985,3.493,3.493
8986,3.493,3.493
8987,3.493,3.493
8988,3.493,3.493
8989,3.493,3.493
8990,3.493,3.493
8991,3.493,3.493
8992,3.493,3.493
8993,3.493,3.493
8994,3.493,3.493
8995,3.493,3.493
8996,3.493,3.493
8997,3.493,3.493
8998,3.493,3.493
8999,3.493,3.493
9000,3.493,3.493
9001,3.493,3.493
9002,3.493,3.493
9003,3.493,3.493
9004,3.493,3.493
9005,3.493,3.493
9006,3.493,3.493
9007,3.493,3.493
9008,3.493,3.493
9009,3.493,3.493
9010,3.493,3.493
9011,3.493,3.493
9012,3.493,3.493
9013,3.493,3.493
9014,3.493,3.493
9015,3.493,3.493
9016,3.493,3.493
9017,3.493,3.493
9018,3.493,3.493
9019,3.493,3.493
9020,3.493,3.493
9021,3.493,3.493
9022,3.493,3.493
9023,3.493,3.493
9024,3.493,3.493
9025,3.493,3.493
9026,3.493,3.493
9027,3.493,3.493
9028,3.493,3.493
9029,3.493,3.493
9030,3.493,3.493
9031,3.493,3.493
9032,3.493,3.493
9033,3.493,3.493
9034,3.493,3.493
9035,3.493,3.493
9036,3.493,3.493
9037,3.493,3.493
9038,3.493,3.493
9039,3.493,3.493
9040,3.493,3.493
9041,3.493,3.493
9042,3.493,3.493
9043,3.493,3.493
9044,3.493,3.493
9045,3.493,3.493
9046,3.493,3.493
9047,3.493,3.493
9048,3.493,3.493
9049,3.493,3.493
9050,3.493,3.493
9051,3.493,3.493
9052,3.493,3.493
9053,3.493,3.493
9054,3.493,3.493
9055,3.493,3.493
9056,3.493,3.493
9057,3.493,3.493
9058,3.493,3.493
9059,3.493,3.493
9060,3.493,3.493
9061,3.493,3.493
9062,3.493,3.493
9063,3.493,3.493
9064,3.493,3.493
9065,3.493,3.493
9066,3.493,3.493
9067,3.493,3.493
9068,3.493,3.493
9069,3.493,3.493
9070,3.493,3.493
9071,3.493,3.493
9072,3.493,3.493
9073,3.493,3.493
9074,3.493,3.493
9075,3.493,3.493
9076,3.493,3.493
9077,3.493,3.493
9078,3.493,3.493
9079,3.493,3.493
9080,3.493,3.493
9081,3.493,3.493
9082,3.493,3.493
9083,3.493,3.493
9084,3.493,3.493
9085,3.493,3.493
9086,3.493,3.493
9087,3.493,3.493
9088,3.493,3.493
9089,3.493,3.493
9090,3.493,3.493
9091,3.493,3.493
9092,3.493,3.493
9093,3.493,3.493
9094,3.493,3.493
9095,3.493,3.493
9096,3.493,3.493
9097,3.493,3.493
9098,3.493,3.493
9099,3.493,3.493
9100,3.493,3.493
9101,3.493,3.493
9102,3.493,3.493
9103,3.493,3.493
9104,3.493,3.493
9105,3.493,3.493
9106,3.493,3.493
9107,3.493,3.493
9108,3.493,3.493
9109,3.493,3.493
9110,3.493,3.493
9111,3.493,3.493
9112,3.493,3.493
9113,3.493,3.493
9114,3.493,3.493
9115,3.493,3.493
9116,3.493,3.493
9117,3.493,3.493
9118,3.493,3.493
9119,3.493,3.493
9120,3.493,3.493
9121,3.493,3.493
9122,3.493,3.493
9123,3.493,3.493
9124,3.493,3.493
9125,3.493,3.493
9126,3.493,3.493
9127,3.493,3.493
9128,3.493,3.493
9129,3.493,3.493
9130,3.493,3.493
9131,3.493,3.493
9132,3.493,3.493
9133,3.493,3.493
9134,3.493,3.493
9135,3.493,3.493
9136,3.493,3.493
9137,3.493,3.493
9138,3.493,3.493
9139,3.493,3.493
9140,3.493,3.493
9141,3.493,3.493
9142,3.493,3.493
9143,3.493,3.493
9144,3.493,3.493
9145,3.493,3.493
9146,3.493,3.493
9147,3.493,3.493
9148,3.493,3.493
9149,3.493,3.493
9150,3.493,3.493
9151,3.493,3.493
9152,3.493,3.493
9153,3.493,3.493
9154,3.493,3.493
9155,3.493,3.493
9156,3.493,3.493
9157,3.493,3.493
9158,3.493,3.493
9159,3.493,3.493
9160,3.493,3.493
9161,3.493,3.493
9162,3.493,3.493
9163,3.493,3.493
9164,3.493,3.493
9165,3.493,3.493
9166,3.493,3.493
9167,3.493,3.493
9168,3.493,3.493
9169,3.493,3.493
9170,3.493,3.493
9171,3.493,3.493
9172,3.493,3.493
9173,3.493,3.493
9174,3.493,3.493
9175,3.493,3.493
9176,3.493,3.493
9177,3.493,3.493
9178,3.493,3.493
9179,3.493,3.493
9180,3.493,3.493
9181,3.493,3.493
9182,3.493,3.493
9183,3.493,3.493
9184,3.493,3.493
9185,3.493,3.493
9186,3.493,3.493
9187,3.493,3.493
9188,3.493,3.493
9189,3.493,3.493
9190,3.493,3.493
9191,3.493,3.493
9192,3.493,3.493
9193,3.493,3.493
9194,3.493,3.493
9195,3.493,3.493
9196,3.493,3.493
9197,3.493,3.493
9198,3.493,3.493
9199,3.493,3.493
9200,3.493,3.493
9201,3.493,3.493
9202,3.493,3.493
9203,3.493,3.493
9204,3.493,3.493
9205,3.493,3.493
9206,3.493,3.493
9207,3.493,3.493
9208,3.493,3.493
9209,3.493,3.493
9210,3.493,3.493
9211,3.493,3.493
9212,3.493,3.493
9213,3.493,3.493
9214,3.493,3.493
9215,3.493,3.493
9216,3.493,3.493
9217,3.493,3.493
9218,3.493,3.493
9219,3.493,3.493
9220,3.493,3.493
9221,3.493,3.493
9222,3.493,3.493
9223,3.493,3.493
9224,3.493,3.493
9225,3.493,3.493
9226,3.493,3.493
9227,3.493,3.493
9228,3.493,3.493
9229,3.493,3.493
9230,3.493,3.493
9231,3.493,3.493
9232,3.493,3.493
9233,3.493,3.493
9234,3.493,3.493
9235,3.493,3.493
9236,3.493,3.493
9237,3.493,3.493
9238,3.493,3.493
9239,3.493,3.493
9240,3.493,3.493
9241,3.493,3.493
9242,3.493,3.493
9243,3.493,3.493
9244,3.493,3.493
9245,3.493,3.493
9246,3.493,3.493
9247,3.493,3.493
9248,3.493,3.493
9249,3.493,3.493
9250,3.493,3.493
9251,3.493,3.493
9252,3.493,3.493
9253,3.493,3.493
9254,3.493,3.493
9255,3.493,3.493
9256,3.493,3.493
9257,3.493,3.493
9258,3.493,3.493
9259,3.493,3.493
9260,3.493,3.493
9261,3.493,3.493
9262,3.493,3.493
9263,3.493,3.493
9264,3.493,3.493
9265,3.493,3.493
9266,3.493,3.493
9267,3.493,3.493
9268,3.493,3.493
9269,3.493,3.493
9270,3.493,3.493
9271,3.493,3.493
9272,3.493,3.493
9273,3.493,3.493
9274,3.493,3.493
9275,3.493,3.493
9276,3.493,3.493
9277,3.493,3.493
9278,3.493,3.493
9279,3.493,3.493
9280,3.493,3.493
9281,3.493,3.493
9282,3.493,3.493
9283,3.493,3.493
9284,3.493,3.493
9285,3.493,3.493
9286,3.493,3.493
9287,3.493,3.493
9288,3.493,3.493
9289,3.493,3.493
9290,3.493,3.493
9291,3.493,3.493
9292,3.493,3.493
9293,3.493,3.493
9294,3.493,3.493
9295,3.493,3.493
9296,3.493,3.493
9297,3.493,3.493
9298,3.493,3.493
9299,3.493,3.493
9300,3.493,3.493
9301,3.493,3.493
9302,3.493,3.493
9303,3.493,3.493
9304,3.493,3.493
9305,3.493,3.493
9306,3.493,3.493
9307,3.493,3.493
9308,3.493,3.493
9309,3.493,3.493
9310,3.493,3.493
9311,3.493,3.493
9312,3.493,3.493
9313,3.493,3.493
9314,3.493,3.493
9315,3.493,3.493
9316,3.493,3.493
9317,3.493,3.493
9318,3.493,3.493
9319,3.493,3.493
9320,3.493,3.493
9321,3.493,3.493
9322,3.493,3.493
9323,3.493,3.493
9324,3.493,3.493
9325,3.493,3.493
9326,3.493,3.493
9327,3.493,3.493
9328,3.493,3.493
9329,3.493,3.493
9330,3.493,3.493
9331,3.493,3.493
9332,3.493,3.493
9333,3.493,3.493
9334,3.493,3.493
9335,3.493,3.493
9336,3.493,3.493
9337,3.493,3.493
9338,3.493,3.493
9339,3.493,3.493
9340,3.493,3.493
9341,3.493,3.493
9342,3.493,3.493
9343,3.493,3.493
9344,3.493,3.493
9345,3.493,3.493
9346,3.493,3.493
9347,3.493,3.493
9348,3.493,3.493
9349,3.493,3.493
9350,3.493,3.493
9351,3.493,3.493
9352,3.493,3.493
9353,3.493,3.493
9354,3.493,3.493
9355,3.493,3.493
9356,3.493,3.493
9357,3.493,3.493
9358,3.493,3.493
9359,3.493,3.493
9360,3.493,3.493
9361,3.493,3.493
9362,3.493,3.493
9363,3.493,3.493
9364,3.493,3.493
9365,3.493,3.493
9366,3.493,3.493
9367,3.493,3.493
9368,3.493,3.493
9369,3.493,3.493
9370,3.493,3.493
9371,3.493,3.493
9372,3.493,3.493
9373,3.493,3.493
9374,3.493,3.493
9375,3.493,3.493
9376,3.493,3.493
9377,3.493,3.493
9378,3.493,3.493
9379,3.493,3.493
9380,3.493,3.493
9381,3.493,3.493
9382,3.493,3.493
9383,3.493,3.493
9384,3.493,3.493
9385,3.493,3.493
9386,3.493,3.493
9387,3.493,3.493
9388,3.493,3.493
9389,3.493,3.493
9390,3.493,3.493
9391,3.493,3.493
9392,3.493,3.493
9393,3.493,3.493
9394,3.493,3.493
9395,3.493,3.493
9396,3.493,3.493
9397,3.493,3.493
9398,3.493,3.493
9399,3.493,3.493
9400,3.493,3.493
9401,3.493,3.493
9402,3.493,3.493
9403,3.493,3.493
9404,3.493,3.493
9405,3.493,3.493
9406,3.493,3.493
9407,3.493,3.493
9408,3.493,3.493
9409,3.493,3.493
9410,3.493,3.493
9411,3.493,3.493
9412,3.493,3.493
9413,3.493,3.493
9414,3.493,3.493
9415,3.493,3.493
9416,3.493,3.493
9417,3.493,3.493
9418,3.493,3.493
9419,3.493,3.493
9420,3.493,3.493
9421,3.493,3.493
9422,3.493,3.493
9423,3.493,3.493
9424,3.493,3.493
9425,3.493,3.493
9426,3.493,3.493
9427,3.493,3.493
9428,3.493,3.493
9429,3.493,3.493
9430,3.493,3.493
9431,3.493,3.493
9432,3.493,3.493
9433,3.493,3.493
9434,3.493,3.493
9435,3.493,3.493
9436,3.493,3.493
9437,3.493,3.493
9438,3.493,3.493
9439,3.493,3.493
9440,3.493,3.493
9441,3.493,3.493
9442,3.493,3.493
9443,3.493,3.493
9444,3.493,3.493
9445,3.493,3.493
9446,3.493,3.493
9447,3.493,3.493
9448,3.493,3.493
9449,3.493,3.493
9450,3.493,3.493
9451,3.493,3.493
9452,3.493,3.493
9453,3.493,3.493
9454,3.493,3.493
9455,3.493,3.493
9456,3.493,3.493
9457,3.493,3.493
9458,3.493,3.493
9459,3.493,3.493
9460,3.493,3.493
9461,3.493,3.493
9462,3.493,3.493
9463,3.493,3.493
9464,3.493,3.493
9465,3.493,3.493
9466,3.493,3.493
9467,3.493,3.493
9468,3.493,3.493
9469,3.493,3.493
9470,3.493,3.493
9471,3.493,3.493
9472,3.493,3.493
9473,3.493,3.493
9474,3.493,3.493
9475,3.493,3.493
9476,3.493,3.493
9477,3.493,3.493
9478,3.493,3.493
9479,3.493,3.493
9480,3.493,3.493
9481,3.493,3.493
9482,3.493,3.493
9483,3.493,3.493
9484,3.493,3.493
9485,3.493,3.493
9486,3.493,3.493
9487,3.493,3.493
9488,3.493,3.493
9489,3.493,3.493
9490,3.493,3.493
9491,3.493,3.493
9492,3.493,3.493
9493,3.493,3.493
9494,3.493,3.493
9495,3.493,3.493
9496,3.493,3.493
9497,3.493,3.493
9498,3.493,3.493
9499,3.493,3.493
9500,3.493,3.493
9501,3.493,3.493
9502,3.493,3.493
9503,3.493,3.493
9504,3.493,3.493
9505,3.493,3.493
9506,3.493,3.493
9507,3.493,3.493
9508,3.493,3.493
9509,3.493,3.493
9510,3.493,3.493
9511,3.493,3.493
9512,3.493,3.493
9513,3.493,3.493
9514,3.493,3.493
9515,3.493,3.493
9516,3.493,3.493
9517,3.493,3.493
9518,3.493,3.493
9519,3.493,3.493
9520,3.493,3.493
9521,3.493,3.493
9522,3.493,3.493
9523,3.493,3.493
9524,3.493,3.493
9525,3.493,3.493
9526,3.493,3.493
9527,3.493,3.493
9528,3.493,3.493
9529,3.493,3.493
9530,3.493,3.493
9531,3.493,3.493
9532,3.493,3.493
9533,3.493,3.493
9534,3.493,3.493
9535,3.493,3.493
9536,3.493,3.493
9537,3.493,3.493
9538,3.493,3.493
9539,3.493,3.493
9540,3.493,3.493
9541,3.493,3.493
9542,3.493,3.493
9543,3.493,3.493
9544,3.493,3.493
9545,3.493,3.493
9546,3.493,3.493
9547,3.493,3.493
9548,3.493,3.493
9549,3.493,3.493
9550,3.493,3.493
9551,3.493,3.493
9552,3.493,3.493
9553,3.493,3.493
9554,3.493,3.493
9555,3.493,3.493
9556,3.493,3.493
9557,3.493,3.493
9558,3.493,3.493
9559,3.493,3.493
9560,3.493,3.493
9561,3.493,3.493
9562,3.493,3.493
9563,3.493,3.493
9564,3.493,3.493
9565,3.493,3.493
9566,3.493,3.493
9567,3.493,3.493
9568,3.493,3.493
9569,3.493,3.493
9570,3.493,3.493
9571,3.493,3.493
9572,3.493,3.493
9573,3.493,3.493
9574,3.493,3.493
9575,3.493,3.493
9576,3.493,3.493
9577,3.493,3.493
9578,3.493,3.493
9579,3.493,3.493
9580,3.493,3.493
9581,3.493,3.493
9582,3.493,3.493
9583,3.493,3.493
9584,3.493,3.493
9585,3.493,3.493
9586,3.493,3.493
9587,3.493,3.493
9588,3.493,3.493
9589,3.493,3.493
9590,3.493,3.493
9591,3.493,3.493
9592,3.493,3.493
9593,3.493,3.493
9594,3.493,3.493
9595,3.493,3.493
9596,3.493,3.493
9597,3.493,3.493
9598,3.493,3.493
9599,3.493,3.493
9600,3.493,3.493
9601,3.493,3.493
9602,3.493,3.493
9603,3.493,3.493
9604,3.493,3.493
9605,3.493,3.493
9606,3.493,3.493
9607,3.493,3.493
9608,3.493,3.493
9609,3.493,3.493
9610,3.493,3.493
9611,3.493,3.493
9612,3.493,3.493
9613,3.493,3.493
9614,3.493,3.493
9615,3.493,3.493
9616,3.493,3.493
9617,3.493,3.493
9618,3.493,3.493
9619,3.493,3.493
9620,3.493,3.493
9621,3.493,3.493
9622,3.493,3.493
9623,3.493,3.493
9624,3.493,3.493
9625,3.493,3.493
9626,3.493,3.493
9627,3.493,3.493
9628,3.493,3.493
9629,3.493,3.493
9630,3.493,3.493
9631,3.493,3.493
9632,3.493,3.493
9633,3.493,3.493
9634,3.493,3.493
9635,3.493,3.493
9636,3.493,3.493
9637,3.493,3.493
9638,3.493,3.493
9639,3.493,3.493
9640,3.493,3.493
9641,3.493,3.493
9642,3.493,3.493
9643,3.493,3.493
9644,3.493,3.493
9645,3.493,3.493
9646,3.493,3.493
9647,3.493,3.493
9648,3.493,3.493
9649,3.493,3.493
9650,3.493,3.493
9651,3.493,3.493
9652,3.493,3.493
9653,3.493,3.493
9654,3.493,3.493
9655,3.493,3.493
9656,3.493,3.493
9657,3.493,3.493
9658,3.493,3.493
9659,3.493,3.493
9660,3.493,3.493
9661,3.493,3.493
9662,3.493,3.493
9663,3.493,3.493
9664,3.493,3.493
9665,3.493,3.493
9666,3.493,3.493
9667,3.493,3.493
9668,3.493,3.493
9669,3.493,3.493
9670,3.493,3.493
9671,3.493,3.493
9672,3.493,3.493
9673,3.493,3.493
9674,3.493,3.493
9675,3.493,3.493
9676,3.493,3.493
9677,3.493,3.493
9678,3.493,3.493
9679,3.493,3.493
9680,3.493,3.493
9681,3.493,3.493
9682,3.493,3.493
9683,3.493,3.493
9684,3.493,3.493
9685,3.493,3.493
9686,3.493,3.493
9687,3.493,3.493
9688,3.493,3.493
9689,3.493,3.493
9690,3.493,3.493
9691,3.493,3.493
9692,3.493,3.493
9693,3.493,3.493
9694,3.493,3.493
9695,3.493,3.493
9696,3.493,3.493
9697,3.493,3.493
9698,3.493,3.493
9699,3.493,3.493
9700,3.493,3.493
9701,3.493,3.493
9702,3.493,3.493
9703,3.493,3.493
9704,3.493,3.493
9705,3.493,3.493
9706,3.493,3.493
9707,3.493,3.493
9708,3.493,3.493
9709,3.493,3.493
9710,3.493,3.493
9711,3.493,3.493
9712,3.493,3.493
9713,3.493,3.493
9714,3.493,3.493
9715,3.493,3.493
9716,3.493,3.493
9717,3.493,3.493
9718,3.493,3.493
9719,3.493,3.493
9720,3.493,3.493
9721,3.493,3.493
9722,3.493,3.493
9723,3.493,3.493
9724,3.493,3.493
9725,3.493,3.493
9726,3.493,3.493
9727,3.493,3.493
9728,3.493,3.493
9729,3.493,3.493
9730,3.493,3.493
9731,3.493,3.493
9732,3.493,3.493
9733,3.493,3.493
9734,3.493,3.493
9735,3.493,3.493
9736,3.493,3.493
9737,3.493,3.493
9738,3.493,3.493
9739,3.493,3.493
9740,3.493,3.493
9741,3.493,3.493
9742,3.493,3.493
9743,3.493,3.493
9744,3.493,3.493
9745,3.493,3.493
9746,3.493,3.493
9747,3.493,3.493
9748,3.493,3.493
9749,3.493,3.493
9750,3.493,3.493
9751,3.493,3.493
9752,3.493,3.493
9753,3.493,3.493
9754,3.493,3.493
9755,3.493,3.493
9756,3.493,3.493
9757,3.493,3.493
9758,3.493,3.493
9759,3.493,3.493
9760,3.493,3.493
9761,3.493,3.493
9762,3.493,3.493
9763,3.493,3.493
9764,3.493,3.493
9765,3.493,3.493
9766,3.493,3.493
9767,3.493,3.493
9768,3.493,3.493
9769,3.493,3.493
9770,3.493,3.493
9771,3.493,3.493
9772,3.493,3.493
9773,3.493,3.493
9774,3.493,3.493
9775,3.493,3.493
9776,3.493,3.493
9777,3.493,3.493
9778,3.493,3.493
9779,3.493,3.493
9780,3.493,3.493
9781,3.493,3.493
9782,3.493,3.493
9783,3.493,3.493
9784,3.493,3.493
9785,3.493,3.493
9786,3.493,3.493
9787,3.493,3.493
9788,3.493,3.493
9789,3.493,3.493
9790,3.493,3.493
9791,3.493,3.493
9792,3.493,3.493
9793,3.493,3.493
9794,3.493,3.493
9795,3.493,3.493
9796,3.493,3.493
9797,3.493,3.493
9798,3.493,3.493
9799,3.493,3.493
9800,3.493,3.493
9801,3.493,3.493
9802,3.493,3.493
9803,3.493,3.493
9804,3.493,3.493
9805,3.493,3.493
9806,3.493,3.493
9807,3.493,3.493
9808,3.493,3.493
9809,3.493,3.493
9810,3.493,3.493
9811,3.493,3.493
9812,3.493,3.493
9813,3.493,3.493
9814,3.493,3.493
9815,3.493,3.493
9816,3.493,3.493
9817,3.493,3.493
9818,3.493,3.493
9819,3.493,3.493
9820,3.493,3.493
9821,3.493,3.493
9822,3.493,3.493
9823,3.493,3.493
9824,3.493,3.493
9825,3.493,3.493
9826,3.493,3.493
9827,3.493,3.493
9828,3.493,3.493
9829,3.493,3.493
9830,3.493,3.493
9831,3.493,3.493
9832,3.493,3.493
9833,3.493,3.493
9834,3.493,3.493
9835,3.493,3.493
9836,3.493,3.493
9837,3.493,3.493
9838,3.493,3.493
9839,3.493,3.493
9840,3.493,3.493
9841,3.493,3.493
9842,3.493,3.493
9843,3.493,3.493
9844,3.493,3.493
9845,3.493,3.493
9846,3.493,3.493
9847,3.493,3.493
9848,3.493,3.493
9849,3.493,3.493
9850,3.493,3.493
9851,3.493,3.493
9852,3.493,3.493
9853,3.493,3.493
9854,3.493,3.493
9855,3.493,3.493
9856,3.493,3.493
9857,3.493,3.493
9858,3.493,3.493
9859,3.493,3.493
9860,3.493,3.493
9861,3.493,3.493
9862,3.493,3.493
9863,3.493,3.493
9864,3.493,3.493
9865,3.493,3.493
9866,3.493,3.493
9867,3.493,3.493
9868,3.493,3.493
9869,3.493,3.493
9870,3.493,3.493
9871,3.493,3.493
9872,3.493,3.493
9873,3.493,3.493
9874,3.493,3.493
9875,3.493,3.493
9876,3.493,3.493
9877,3.493,3.493
9878,3.493,3.493
9879,3.493,3.493
9880,3.493,3.493
9881,3.493,3.493
9882,3.493,3.493
9883,3.493,3.493
9884,3.493,3.493
9885,3.493,3.493
9886,3.493,3.493
9887,3.493,3.493
9888,3.493,3.493
9889,3.493,3.493
9890,3.493,3.493
9891,3.493,3.493
9892,3.493,3.493
9893,3.493,3.493
9894,3.493,3.493
9895,3.493,3.493
9896,3.493,3.493
9897,3.493,3.493
9898,3.493,3.493
9899,3.493,3.493
9900,3.493,3.493
9901,3.493,3.493
9902,3.493,3.493
9903,3.493,3.493
9904,3.493,3.493
9905,3.493,3.493
9906,3.493,3.493
9907,3.493,3.493
9908,3.493,3.493
9909,3.493,3.493
9910,3.493,3.493
9911,3.493,3.493
9912,3.493,3.493
9913,3.493,3.493
9914,3.493,3.493
9915,3.493,3.493
9916,3.493,3.493
9917,3.493,3.493
9918,3.493,3.493
9919,3.493,3.493
9920,3.493,3.493
9921,3.493,3.493
9922,3.493,3.493
9923,3.493,3.493
9924,3.493,3.493
9925,3.493,3.493
9926,3.493,3.493
9927,3.493,3.493
9928,3.493,3.493
9929,3.493,3.493
9930,3.493,3.493
9931,3.493,3.493
9932,3.493,3.493
9933,3.493,3.493
9934,3.493,3.493
9935,3.493,3.493
9936,3.493,3.493
9937,3.493,3.493
9938,3.493,3.493
9939,3.493,3.493
9940,3.493,3.493
9941,3.493,3.493
9942,3.493,3.493
9943,3.493,3.493
9944,3.493,3.493
9945,3.493,3.493
9946,3.493,3.493
9947,3.493,3.493
9948,3.493,3.493
9949,3.493,3.493
9950,3.493,3.493
9951,3.493,3.493
9952,3.493,3.493
9953,3.493,3.493
9954,3.493,3.493
9955,3.493,3.493
9956,3.493,3.493
9957,3.493,3.493
9958,3.493,3.493
9959,3.493,3.493
9960,3.493,3.493
9961,3.493,3.493
9962,3.493,3.493
9963,3.493,3.493
9964,3.493,3.493
9965,3.493,3.493
9966,3.493,3.493
9967,3.493,3.493
9968,3.493,3.493
9969,3.493,3.493
9970,3.493,3.493
9971,3.493,3.493
9972,3.493,3.493
9973,3.493,3.493
9974,3.493,3.493
9975,3.493,3.493
9976,3.493,3.493
9977,3.493,3.493
9978,3.493,3.493
9979,3.493,3.493
9980,3.493,3.493
9981,3.493,3.493
9982,3.493,3.493
9983,3.493,3.493
9984,3.493,3.493
9985,3.493,3.493
9986,3.493,3.493
9987,3.493,3.493
9988,3.493,3.493
9989,3.493,3.493
9990,3.493,3.493
9991,3.493,3.493
9992,3.493,3.493
9993,3.493,3.493
9994,3.493,3.493
9995,3.493,3.493
9996,3.493,3.493
9997,3.493,3.493
9998,3.493,3.493
9999,3.493,3.493
10000,3.493,3.493
10001,3.493,3.493
10002,3.493,3.493
10003,3.493,3.493
10004,3.493,3.493
10005,3.493,3.493
10006,3.493,3.493
10007,3.493,3.493
10008,3.493,3.493
10009,3.493,3.493
10010,3.493,3.493
10011,3.493,3.493
10012,3.493,3.493
10013,3.493,3.493
10014,3.493,3.493
10015,3.493,3.493
10016,3.493,3.493
10017,3.493,3.493
10018,3.493,3.493
10019,3.493,3.493
10020,3.493,3.493
10021,3.493,3.493
10022,3.493,3.493
10023,3.493,3.493
10024,3.493,3.493
10025,3.493,3.493
10026,3.493,3.493
10027,3.493,3.493
10028,3.493,3.493
10029,3.493,3.493
10030,3.493,3.493
10031,3.493,3.493
10032,3.493,3.493
10033,3.493,3.493
10034,3.493,3.493
10035,3.493,3.493
10036,3.493,3.493
10037,3.493,3.493
10038,3.493,3.493
10039,3.493,3.493
10040,3.493,3.493
10041,3.493,3.493
10042,3.493,3.493
10043,3.493,3.493
10044,3.493,3.493
10045,3.493,3.493
10046,3.493,3.493
10047,3.493,3.493
10048,3.493,3.493
10049,3.493,3.493
10050,3.493,3.493
10051,3.493,3.493
10052,3.493,3.493
10053,3.493,3.493
10054,3.493,3.493
10055,3.493,3.493
10056,3.493,3.493
10057,3.493,3.493
10058,3.493,3.493
10059,3.493,3.493
10060,3.493,3.493
10061,3.493,3.493
10062,3.493,3.493
10063,3.493,3.493
10064,3.493,3.493
10065,3.493,3.493
10066,3.493,3.493
10067,3.493,3.493
10068,3.493,3.493
10069,3.493,3.493
10070,3.493,3.493
10071,3.493,3.493
10072,3.493,3.493
10073,3.493,3.493
10074,3.493,3.493
10075,3.493,3.493
10076,3.493,3.493
10077,3.493,3.493
10078,3.493,3.493
10079,3.493,3.493
10080,3.493,3.493
10081,3.493,3.493
10082,3.493,3.493
10083,3.493,3.493
10084,3.493,3.493
10085,3.493,3.493
10086,3.493,3.493
10087,3.493,3.493
10088,3.493,3.493
10089,3.493,3.493
10090,3.493,3.493
10091,3.493,3.493
10092,3.493,3.493
10093,3.493,3.493
10094,3.493,3.493
10095,3.493,3.493
10096,3.493,3.493
10097,3.493,3.493
10098,3.493,3.493
10099,3.493,3.493
10100,3.493,3.493
10101,3.493,3.493
10102,3.493,3.493
10103,3.493,3.493
10104,3.493,3.493
10105,3.493,3.493
10106,3.493,3.493
10107,3.493,3.493
10108,3.493,3.493
10109,3.493,3.493
10110,3.493,3.493
10111,3.493,3.493
10112,3.493,3.493
10113,3.493,3.493
10114,3.493,3.493
10115,3.493,3.493
10116,3.493,3.493
10117,3.493,3.493
10118,3.493,3.493
10119,3.493,3.493
10120,3.493,3.493
10121,3.493,3.493
10122,3.493,3.493
10123,3.493,3.493
10124,3.493,3.493
10125,3.493,3.493
10126,3.493,3.493
10127,3.493,3.493
10128,3.493,3.493
10129,3.493,3.493
10130,3.493,3.493
10131,3.493,3.493
10132,3.493,3.493
10133,3.493,3.493
10134,3.493,3.493
10135,3.493,3.493
10136,3.493,3.493
10137,3.493,3.493
10138,3.493,3.493
10139,3.493,3.493
10140,3.493,3.493
10141,3.493,3.493
10142,3.493,3.493
10143,3.493,3.493
10144,3.493,3.493
10145,3.493,3.493
10146,3.493,3.493
10147,3.493,3.493
10148,3.493,3.493
10149,3.493,3.493
10150,3.493,3.493
10151,3.493,3.493
10152,3.493,3.493
10153,3.493,3.493
10154,3.493,3.493
10155,3.493,3.493
10156,3.493,3.493
10157,3.493,3.493
10158,3.493,3.493
10159,3.493,3.493
10160,3.493,3.493
10161,3.493,3.493
10162,3.493,3.493
10163,3.493,3.493
10164,3.493,3.493
10165,3.493,3.493
10166,3.493,3.493
10167,3.493,3.493
10168,3.493,3.493
10169,3.493,3.493
10170,3.493,3.493
10171,3.493,3.493
10172,3.493,3.493
10173,3.493,3.493
10174,3.493,3.493
10175,3.493,3.493
10176,3.493,3.493
10177,3.493,3.493
10178,3.493,3.493
10179,3.493,3.493
10180,3.493,3.493
10181,3.493,3.493
10182,3.493,3.493
10183,3.493,3.493
10184,3.493,3.493
10185,3.493,3.493
10186,3.493,3.493
10187,3.493,3.493
10188,3.493,3.493
10189,3.493,3.493
10190,3.493,3.493
10191,3.493,3.493
10192,3.493,3.493
10193,3.493,3.493
10194,3.493,3.493
10195,3.493,3.493
10196,3.493,3.493
10197,3.493,3.493
10198,3.493,3.493
10199,3.493,3.493
10200,3.493,3.493
10201,3.493,3.493
10202,3.493,3.493
10203,3.493,3.493
10204,3.493,3.493
10205,3.493,3.493
10206,3.493,3.493
10207,3.493,3.493
10208,3.493,3.493
10209,3.493,3.493
10210,3.493,3.493
10211,3.493,3.493
10212,3.493,3.493
10213,3.493,3.493
10214,3.493,3.493
10215,3.493,3.493
10216,3.493,3.493
10217,3.493,3.493
10218,3.493,3.493
10219,3.493,3.493
10220,3.493,3.493
10221,3.493,3.493
10222,3.493,3.493
10223,3.493,3.493
10224,3.493,3.493
10225,3.493,3.493
10226,3.493,3.493
10227,3.493,3.493
10228,3.493,3.493
10229,3.493,3.493
10230,3.493,3.493
10231,3.493,3.493
10232,3.493,3.493
10233,3.493,3.493
10234,3.493,3.493
10235,3.493,3.493
10236,3.493,3.493
10237,3.493,3.493
10238,3.493,3.493
10239,3.493,3.493
10240,3.493,3.493
10241,3.493,3.493
10242,3.493,3.493
10243,3.493,3.493
10244,3.493,3.493
10245,3.493,3.493
10246,3.493,3.493
10247,3.493,3.493
10248,3.493,3.493
10249,3.493,3.493
10250,3.493,3.493
10251,3.493,3.493
10252,3.493,3.493
10253,3.493,3.493
10254,3.493,3.493
10255,3.493,3.493
10256,3.493,3.493
10257,3.493,3.493
10258,3.493,3.493
10259,3.493,3.493
10260,3.493,3.493
10261,3.493,3.493
10262,3.493,3.493
10263,3.493,3.493
10264,3.493,3.493
10265,3.493,3.493
10266,3.493,3.493
10267,3.493,3.493
10268,3.493,3.493
10269,3.493,3.493
10270,3.493,3.493
10271,3.493,3.493
10272,3.493,3.493
10273,3.493,3.493
10274,3.493,3.493
10275,3.493,3.493
10276,3.493,3.493
10277,3.493,3.493
10278,3.493,3.493
10279,3.493,3.493
10280,3.493,3.493
10281,3.493,3.493
10282,3.493,3.493
10283,3.493,3.493
10284,3.493,3.493
10285,3.493,3.493
10286,3.493,3.493
10287,3.493,3.493
10288,3.493,3.493
10289,3.493,3.493
10290,3.493,3.493
10291,3.493,3.493
10292,3.493,3.493
10293,3.493,3.493
10294,3.493,3.493
10295,3.493,3.493
10296,3.493,3.493
10297,3.493,3.493
10298,3.493,3.493
10299,3.493,3.493
10300,3.493,3.493
10301,3.493,3.493
10302,3.493,3.493
10303,3.493,3.493
10304,3.493,3.493
10305,3.493,3.493
10306,3.493,3.493
10307,3.493,3.493
10308,3.493,3.493
10309,3.493,3.493
10310,3.493,3.493
10311,3.493,3.493
10312,3.493,3.493
10313,3.493,3.493
10314,3.493,3.493
10315,3.493,3.493
10316,3.493,3.493
10317,3.493,3.493
10318,3.493,3.493
10319,3.493,3.493
10320,3.493,3.493
10321,3.493,3.493
10322,3.493,3.493
10323,3.493,3.493
10324,3.493,3.493
10325,3.493,3.493
10326,3.493,3.493
10327,3.493,3.493
10328,3.493,3.493
10329,3.493,3.493
10330,3.493,3.493
10331,3.493,3.493
10332,3.493,3.493
10333,3.493,3.493
10334,3.493,3.493
10335,3.493,3.493
10336,3.493,3.493
10337,3.493,3.493
10338,3.493,3.493
10339,3.493,3.493
10340,3.493,3.493
10341,3.493,3.493
10342,3.493,3.493
10343,3.493,3.493
10344,3.493,3.493
10345,3.493,3.493
10346,3.493,3.493
10347,3.493,3.493
10348,3.493,3.493
10349,3.493,3.493
10350,3.493,3.493
10351,3.493,3.493
10352,3.493,3.493
10353,3.493,3.493
10354,3.493,3.493
10355,3.493,3.493
10356,3.493,3.493
10357,3.493,3.493
10358,3.493,3.493
10359,3.493,3.493
10360,3.493,3.493
10361,3.493,3.493
10362,3.493,3.493
10363,3.493,3.493
10364,3.493,3.493
10365,3.493,3.493
10366,3.493,3.493
10367,3.493,3.493
10368,3.493,3.493
10369,3.493,3.493
10370,3.493,3.493
10371,3.493,3.493
10372,3.493,3.493
10373,3.493,3.493
10374,3.493,3.493
10375,3.493,3.493
10376,3.493,3.493
10377,3.493,3.493
10378,3.493,3.493
10379,3.493,3.493
10380,3.493,3.493
10381,3.493,3.493
10382,3.493,3.493
10383,3.493,3.493
10384,3.493,3.493
10385,3.493,3.493
10386,3.493,3.493
10387,3.493,3.493
10388,3.493,3.493
10389,3.493,3.493
10390,3.493,3.493
10391,3.493,3.493
10392,3.493,3.493
10393,3.493,3.493
10394,3.493,3.493
10395,3.493,3.493
10396,3.493,3.493
10397,3.493,3.493
10398,3.493,3.493
10399,3.493,3.493
10400,3.493,3.493
10401,3.493,3.493
10402,3.493,3.493
10403,3.493,3.493
10404,3.493,3.493
10405,3.493,3.493
10406,3.493,3.493
10407,3.493,3.493
10408,3.493,3.493
10409,3.493,3.493
10410,3.493,3.493
10411,3.493,3.493
10412,3.493,3.493
10413,3.493,3.493
10414,3.493,3.493
10415,3.493,3.493
10416,3.493,3.493
10417,3.493,3.493
10418,3.493,3.493
10419,3.493,3.493
10420,3.493,3.493
10421,3.493,3.493
10422,3.493,3.493
10423,3.493,3.493
10424,3.493,3.493
10425,3.493,3.493
10426,3.493,3.493
10427,3.493,3.493
10428,3.493,3.493
10429,3.493,3.493
10430,3.493,3.493
10431,3.493,3.493
10432,3.493,3.493
10433,3.493,3.493
10434,3.493,3.493
10435,3.493,3.493
10436,3.493,3.493
10437,3.493,3.493
10438,3.493,3.493
10439,3.493,3.493
10440,3.493,3.493
10441,3.493,3.493
10442,3.493,3.493
10443,3.493,3.493
10444,3.493,3.493
10445,3.493,3.493
10446,3.493,3.493
10447,3.493,3.493
10448,3.493,3.493
10449,3.493,3.493
10450,3.493,3.493
10451,3.493,3.493
10452,3.493,3.493
10453,3.493,3.493
10454,3.493,3.493
10455,3.493,3.493
10456,3.493,3.493
10457,3.493,3.493
10458,3.493,3.493
10459,3.493,3.493
10460,3.493,3.493
10461,3.493,3.493
10462,3.493,3.493
10463,3.493,3.493
10464,3.493,3.493
10465,3.493,3.493
10466,3.493,3.493
10467,3.493,3.493
10468,3.493,3.493
10469,3.493,3.493
10470,3.493,3.493
10471,3.493,3.493
10472,3.493,3.493
10473,3.493,3.493
10474,3.493,3.493
10475,3.493,3.493
10476,3.493,3.493
10477,3.493,3.493
10478,3.493,3.493
10479,3.493,3.493
10480,3.493,3.493
10481,3.493,3.493
10482,3.493,3.493
10483,3.493,3.493
10484,3.493,3.493
10485,3.493,3.493
10486,3.493,3.493
10487,3.493,3.493
10488,3.493,3.493
10489,3.493,3.493
10490,3.493,3.493
10491,3.493,3.493
10492,3.493,3.493
10493,3.493,3.493
10494,3.493,3.493
10495,3.493,3.493
10496,3.493,3.493
10497,3.493,3.493
10498,3.493,3.493
10499,3.493,3.493
10500,3.493,3.493
10501,3.493,3.493
10502,3.493,3.493
10503,3.493,3.493
10504,3.493,3.493
10505,3.493,3.493
10506,3.493,3.493
10507,3.493,3.493
10508,3.493,3.493
10509,3.493,3.493
10510,3.493,3.493
10511,3.493,3.493
10512,3.493,3.493
10513,3.493,3.493
10514,3.493,3.493
10515,3.493,3.493
10516,3.493,3.493
10517,3.493,3.493
10518,3.493,3.493
10519,3.493,3.493
10520,3.493,3.493
10521,3.493,3.493
10522,3.493,3.493
10523,3.493,3.493
10524,3.493,3.493
10525,3.493,3.493
10526,3.493,3.493
10527,3.493,3.493
10528,3.493,3.493
10529,3.493,3.493
10530,3.493,3.493
10531,3.493,3.493
10532,3.493,3.493
10533,3.493,3.493
10534,3.493,3.493
10535,3.493,3.493
10536,3.493,3.493
10537,3.493,3.493
10538,3.493,3.493
10539,3.493,3.493
10540,3.493,3.493
10541,3.493,3.493
10542,3.493,3.493
10543,3.493,3.493
10544,3.493,3.493
10545,3.493,3.493
10546,3.493,3.493
10547,3.493,3.493
10548,3.493,3.493
10549,3.493,3.493
10550,3.493,3.493
10551,3.493,3.493
10552,3.493,3.493
10553,3.493,3.493
10554,3.493,3.493
10555,3.493,3.493
10556,3.493,3.493
10557,3.493,3.493
10558,3.493,3.493
10559,3.493,3.493
10560,3.493,3.493
10561,3.493,3.493
10562,3.493,3.493
10563,3.493,3.493
10564,3.493,3.493
10565,3.493,3.493
10566,3.493,3.493
10567,3.493,3.493
10568,3.493,3.493
10569,3.493,3.493
10570,3.493,3.493
10571,3.493,3.493
10572,3.493,3.493
10573,3.493,3.493
10574,3.493,3.493
10575,3.493,3.493
10576,3.493,3.493
10577,3.493,3.493
10578,3.493,3.493
10579,3.493,3.493
10580,3.493,3.493
10581,3.493,3.493
10582,3.493,3.493
10583,3.493,3.493
10584,3.493,3.493
10585,3.493,3.493
10586,3.493,3.493
10587,3.493,3.493
10588,3.493,3.493
10589,3.493,3.493
10590,3.493,3.493
10591,3.493,3.493
10592,3.493,3.493
10593,3.493,3.493
10594,3.493,3.493
10595,3.493,3.493
10596,3.493,3.493
10597,3.493,3.493
10598,3.493,3.493
10599,3.493,3.493
10600,3.493,3.493
10601,3.493,3.493
10602,3.493,3.493
10603,3.493,3.493
10604,3.493,3.493
10605,3.493,3.493
10606,3.493,3.493
10607,3.493,3.493
10608,3.493,3.493
10609,3.493,3.493
10610,3.493,3.493
10611,3.493,3.493
10612,3.493,3.493
10613,3.493,3.493
10614,3.493,3.493
10615,3.493,3.493
10616,3.493,3.493
10617,3.493,3.493
10618,3.493,3.493
10619,3.493,3.493
10620,3.493,3.493
10621,3.493,3.493
10622,3.493,3.493
10623,3.493,3.493
10624,3.493,3.493
10625,3.493,3.493
10626,3.493,3.493
10627,3.493,3.493
10628,3.493,3.493
10629,3.493,3.493
10630,3.493,3.493
10631,3.493,3.493
10632,3.493,3.493
10633,3.493,3.493
10634,3.493,3.493
10635,3.493,3.493
10636,3.493,3.493
10637,3.493,3.493
10638,3.493,3.493
10639,3.493,3.493
10640,3.493,3.493
10641,3.493,3.493
10642,3.493,3.493
10643,3.493,3.493
10644,3.493,3.493
10645,3.493,3.493
10646,3.493,3.493
10647,3.493,3.493
10648,3.493,3.493
10649,3.493,3.493
10650,3.493,3.493
10651,3.493,3.493
10652,3.493,3.493
10653,3.493,3.493
10654,3.493,3.493
10655,3.493,3.493
10656,3.493,3.493
10657,3.493,3.493
10658,3.493,3.493
10659,3.493,3.493
10660,3.493,3.493
10661,3.493,3.493
10662,3.493,3.493
10663,3.493,3.493
10664,3.493,3.493
10665,3.493,3.493
10666,3.493,3.493
10667,3.493,3.493
10668,3.493,3.493
10669,3.493,3.493
10670,3.493,3.493
10671,3.493,3.493
10672,3.493,3.493
10673,3.493,3.493
10674,3.493,3.493
10675,3.493,3.493
10676,3.493,3.493
10677,3.493,3.493
10678,3.493,3.493
10679,3.493,3.493
10680,3.493,3.493
10681,3.493,3.493
10682,3.493,3.493
10683,3.493,3.493
10684,3.493,3.493
10685,3.493,3.493
10686,3.493,3.493
10687,3.493,3.493
10688,3.493,3.493
10689,3.493,3.493
10690,3.493,3.493
10691,3.493,3.493
10692,3.493,3.493
10693,3.493,3.493
10694,3.493,3.493
10695,3.493,3.493
10696,3.493,3.493
10697,3.493,3.493
10698,3.493,3.493
10699,3.493,3.493
10700,3.493,3.493
10701,3.493,3.493
10702,3.493,3.493
10703,3.493,3.493
10704,3.493,3.493
10705,3.493,3.493
10706,3.493,3.493
10707,3.493,3.493
10708,3.493,3.493
10709,3.493,3.493
10710,3.493,3.493
10711,3.493,3.493
10712,3.493,3.493
10713,3.493,3.493
10714,3.493,3.493
10715,3.493,3.493
10716,3.493,3.493
10717,3.493,3.493
10718,3.493,3.493
10719,3.493,3.493
10720,3.493,3.493
10721,3.493,3.493
10722,3.493,3.493
10723,3.493,3.493
10724,3.493,3.493
10725,3.493,3.493
10726,3.493,3.493
10727,3.493,3.493
10728,3.493,3.493
10729,3.493,3.493
10730,3.493,3.493
10731,3.493,3.493
10732,3.493,3.493
10733,3.493,3.493
10734,3.493,3.493
10735,3.493,3.493
10736,3.493,3.493
10737,3.493,3.493
10738,3.493,3.493
10739,3.493,3.493
10740,3.493,3.493
10741,3.493,3.493
10742,3.493,3.493
10743,3.493,3.493
10744,3.493,3.493
10745,3.493,3.493
10746,3.493,3.493
10747,3.493,3.493
10748,3.493,3.493
10749,3.493,3.493
10750,3.493,3.493
10751,3.493,3.493
10752,3.493,3.493
10753,3.493,3.493
10754,3.493,3.493
10755,3.493,3.493
10756,3.493,3.493
10757,3.493,3.493
10758,3.493,3.493
10759,3.493,3.493
10760,3.493,3.493
10761,3.493,3.493
10762,3.493,3.493
10763,3.493,3.493
10764,3.493,3.493
10765,3.493,3.493
10766,3.493,3.493
10767,3.493,3.493
10768,3.493,3.493
10769,3.493,3.493
10770,3.493,3.493
10771,3.493,3.493
10772,3.493,3.493
10773,3.493,3.493
10774,3.493,3.493
10775,3.493,3.493
10776,3.493,3.493
10777,3.493,3.493
10778,3.493,3.493
10779,3.493,3.493
10780,3.493,3.493
10781,3.493,3.493
10782,3.493,3.493
10783,3.493,3.493
10784,3.493,3.493
10785,3.493,3.493
10786,3.493,3.493
10787,3.493,3.493
10788,3.493,3.493
10789,3.493,3.493
10790,3.493,3.493
10791,3.493,3.493
10792,3.493,3.493
10793,3.493,3.493
10794,3.493,3.493
10795,3.493,3.493
10796,3.493,3.493
10797,3.493,3.493
10798,3.493,3.493
10799,3.493,3.493
10800,3.493,3.493
10801,3.493,3.493
10802,3.493,3.493
10803,3.493,3.493
10804,3.493,3.493
10805,3.493,3.493
10806,3.493,3.493
10807,3.493,3.493
10808,3.493,3.493
10809,3.493,3.493
10810,3.493,3.493
10811,3.493,3.493
10812,3.493,3.493
10813,3.493,3.493
10814,3.493,3.493
10815,3.493,3.493
10816,3.493,3.493
10817,3.493,3.493
10818,3.493,3.493
10819,3.493,3.493
10820,3.493,3.493
10821,3.493,3.493
10822,3.493,3.493
10823,3.493,3.493
10824,3.493,3.493
10825,3.493,3.493
10826,3.493,3.493
10827,3.493,3.493
10828,3.493,3.493
10829,3.493,3.493
10830,3.493,3.493
10831,3.493,3.493
10832,3.493,3.493
10833,3.493,3.493
10834,3.493,3.493
10835,3.493,3.493
10836,3.493,3.493
10837,3.493,3.493
10838,3.493,3.493
10839,3.493,3.493
10840,3.493,3.493
10841,3.493,3.493
10842,3.493,3.493
10843,3.493,3.493
10844,3.493,3.493
10845,3.493,3.493
10846,3.493,3.493
10847,3.493,3.493
10848,3.493,3.493
10849,3.493,3.493
10850,3.493,3.493
10851,3.493,3.493
10852,3.493,3.493
10853,3.493,3.493
10854,3.493,3.493
10855,3.493,3.493
10856,3.493,3.493
10857,3.493,3.493
10858,3.493,3.493
10859,3.493,3.493
10860,3.493,3.493
10861,3.493,3.493
10862,3.493,3.493
10863,3.493,3.493
10864,3.493,3.493
10865,3.493,3.493
10866,3.493,3.493
10867,3.493,3.493
10868,3.493,3.493
10869,3.493,3.493
10870,3.493,3.493
10871,3.493,3.493
10872,3.493,3.493
10873,3.493,3.493
10874,3.493,3.493
10875,3.493,3.493
10876,3.493,3.493
10877,3.493,3.493
10878,3.493,3.493
10879,3.493,3.493
10880,3.493,3.493
10881,3.493,3.493
10882,3.493,3.493
10883,3.493,3.493
10884,3.493,3.493
10885,3.493,3.493
10886,3.493,3.493
10887,3.493,3.493
10888,3.493,3.493
10889,3.493,3.493
10890,3.493,3.493
10891,3.493,3.493
10892,3.493,3.493
10893,3.493,3.493
10894,3.493,3.493
10895,3.493,3.493
10896,3.493,3.493
10897,3.493,3.493
10898,3.493,3.493
10899,3.493,3.493
10900,3.493,3.493
10901,3.493,3.493
10902,3.493,3.493
10903,3.493,3.493
10904,3.493,3.493
10905,3.493,3.493
10906,3.493,3.493
10907,3.493,3.493
10908,3.493,3.493
10909,3.493,3.493
10910,3.493,3.493
10911,3.493,3.493
10912,3.493,3.493
10913,3.493,3.493
10914,3.493,3.493
10915,3.493,3.493
10916,3.493,3.493
10917,3.493,3.493
10918,3.493,3.493
10919,3.493,3.493
10920,3.493,3.493
10921,3.493,3.493
10922,3.493,3.493
10923,3.493,3.493
10924,3.493,3.493
10925,3.493,3.493
10926,3.493,3.493
10927,3.493,3.493
10928,3.493,3.493
10929,3.493,3.493
10930,3.493,3.493
10931,3.493,3.493
10932,3.493,3.493
10933,3.493,3.493
10934,3.493,3.493
10935,3.493,3.493
10936,3.493,3.493
10937,3.493,3.493
10938,3.493,3.493
10939,3.493,3.493
10940,3.493,3.493
10941,3.493,3.493
10942,3.493,3.493
10943,3.493,3.493
10944,3.493,3.493
10945,3.493,3.493
10946,3.493,3.493
10947,3.493,3.493
10948,3.493,3.493
10949,3.493,3.493
10950,3.493,3.493
10951,3.493,3.493
10952,3.493,3.493
10953,3.493,3.493
10954,3.493,3.493
10955,3.493,3.493
10956,3.493,3.493
10957,3.493,3.493
10958,3.493,3.493
10959,3.493,3.493
10960,3.493,3.493
10961,3.493,3.493
10962,3.493,3.493
10963,3.493,3.493
10964,3.493,3.493
10965,3.493,3.493
10966,3.493,3.493
10967,3.493,3.493
10968,3.493,3.493
10969,3.493,3.493
10970,3.493,3.493
10971,3.493,3.493
10972,3.493,3.493
10973,3.493,3.493
10974,3.493,3.493
10975,3.493,3.493
10976,3.493,3.493
10977,3.493,3.493
10978,3.493,3.493
10979,3.493,3.493
10980,3.493,3.493
10981,3.493,3.493
10982,3.493,3.493
10983,3.493,3.493
10984,3.493,3.493
10985,3.493,3.493
10986,3.493,3.493
10987,3.493,3.493
10988,3.493,3.493
10989,3.493,3.493
10990,3.493,3.493
10991,3.493,3.493
10992,3.493,3.493
10993,3.493,3.493
10994,3.493,3.493
10995,3.493,3.493
10996,3.493,3.493
10997,3.493,3.493
10998,3.493,3.493
10999,3.493,3.493
11000,3.493,3.493
11001,3.493,3.493
11002,3.493,3.493
11003,3.493,3.493
11004,3.493,3.493
11005,3.493,3.493
11006,3.493,3.493
11007,3.493,3.493
11008,3.493,3.493
11009,3.493,3.493
11010,3.493,3.493
11011,3.493,3.493
11012,3.493,3.493
11013,3.493,3.493
11014,3.493,3.493
11015,3.493,3.493
11016,3.493,3.493
11017,3.493,3.493
11018,3.493,3.493
11019,3.493,3.493
11020,3.493,3.493
11021,3.493,3.493
11022,3.493,3.493
11023,3.493,3.493
11024,3.493,3.493
11025,3.493,3.493
11026,3.493,3.493
11027,3.493,3.493
11028,3.493,3.493
11029,3.493,3.493
11030,3.493,3.493
11031,3.493,3.493
11032,3.493,3.493
11033,3.493,3.493
11034,3.493,3.493
11035,3.493,3.493
11036,3.493,3.493
11037,3.493,3.493
11038,3.493,3.493
11039,3.493,3.493
11040,3.493,3.493
11041,3.493,3.493
11042,3.493,3.493
11043,3.493,3.493
11044,3.493,3.493
11045,3.493,3.493
11046,3.493,3.493
11047,3.493,3.493
11048,3.493,3.493
11049,3.493,3.493
11050,3.493,3.493
11051,3.493,3.493
11052,3.493,3.493
11053,3.493,3.493
11054,3.493,3.493
11055,3.493,3.493
11056,3.493,3.493
11057,3.493,3.493
11058,3.493,3.493
11059,3.493,3.493
11060,3.493,3.493
11061,3.493,3.493
11062,3.493,3.493
11063,3.493,3.493
11064,3.493,3.493
11065,3.493,3.493
11066,3.493,3.493
11067,3.493,3.493
11068,3.493,3.493
11069,3.493,3.493
11070,3.493,3.493
11071,3.493,3.493
11072,3.493,3.493
11073,3.493,3.493
11074,3.493,3.493
11075,3.493,3.493
11076,3.493,3.493
11077,3.493,3.493
11078,3.493,3.493
11079,3.493,3.493
11080,3.493,3.493
11081,3.493,3.493
11082,3.493,3.493
11083,3.493,3.493
11084,3.493,3.493
11085,3.493,3.493
11086,3.493,3.493
11087,3.493,3.493
11088,3.493,3.493
11089,3.493,3.493
11090,3.493,3.493
11091,3.493,3.493
11092,3.493,3.493
11093,3.493,3.493
11094,3.493,3.493
11095,3.493,3.493
11096,3.493,3.493
11097,3.493,3.493
11098,3.493,3.493
11099,3.493,3.493
11100,3.493,3.493
11101,3.493,3.493
11102,3.493,3.493
11103,3.493,3.493
11104,3.493,3.493
11105,3.493,3.493
11106,3.493,3.493
11107,3.493,3.493
11108,3.493,3.493
11109,3.493,3.493
11110,3.493,3.493
11111,3.493,3.493
11112,3.493,3.493
11113,3.493,3.493
11114,3.493,3.493
11115,3.493,3.493
11116,3.493,3.493
11117,3.493,3.493
11118,3.493,3.493
11119,3.493,3.493
11120,3.493,3.493
11121,3.493,3.493
11122,3.493,3.493
11123,3.493,3.493
11124,3.493,3.493
11125,3.493,3.493
11126,3.493,3.493
11127,3.493,3.493
11128,3.493,3.493
11129,3.493,3.493
11130,3.493,3.493
11131,3.493,3.493
11132,3.493,3.493
11133,3.493,3.493
11134,3.493,3.493
11135,3.493,3.493
11136,3.493,3.493
11137,3.493,3.493
11138,3.493,3.493
11139,3.493,3.493
11140,3.493,3.493
11141,3.493,3.493
11142,3.493,3.493
11143,3.493,3.493
11144,3.493,3.493
11145,3.493,3.493
11146,3.493,3.493
11147,3.493,3.493
11148,3.493,3.493
11149,3.493,3.493
11150,3.493,3.493
11151,3.493,3.493
11152,3.493,3.493
11153,3.493,3.493
11154,3.493,3.493
11155,3.493,3.493
11156,3.493,3.493
11157,3.493,3.493
11158,3.493,3.493
11159,3.493,3.493
11160,3.493,3.493
11161,3.493,3.493
11162,3.493,3.493
11163,3.493,3.493
11164,3.493,3.493
11165,3.493,3.493
11166,3.493,3.493
11167,3.493,3.493
11168,3.493,3.493
11169,3.493,3.493
11170,3.493,3.493
11171,3.493,3.493
11172,3.493,3.493
11173,3.493,3.493
11174,3.493,3.493
11175,3.493,3.493
11176,3.493,3.493
11177,3.493,3.493
11178,3.493,3.493
11179,3.493,3.493
11180,3.493,3.493
11181,3.493,3.493
11182,3.493,3.493
11183,3.493,3.493
11184,3.493,3.493
11185,3.493,3.493
11186,3.493,3.493
11187,3.493,3.493
11188,3.493,3.493
11189,3.493,3.493
11190,3.493,3.493
11191,3.493,3.493
11192,3.493,3.493
11193,3.493,3.493
11194,3.493,3.493
11195,3.493,3.493
11196,3.493,3.493
11197,3.493,3.493
11198,3.493,3.493
11199,3.493,3.493
11200,3.493,3.493
11201,3.493,3.493
11202,3.493,3.493
11203,3.493,3.493
11204,3.493,3.493
11205,3.493,3.493
11206,3.493,3.493
11207,3.493,3.493
11208,3.493,3.493
11209,3.493,3.493
11210,3.493,3.493
11211,3.493,3.493
11212,3.493,3.493
11213,3.493,3.493
11214,3.493,3.493
11215,3.493,3.493
11216,3.493,3.493
11217,3.493,3.493
11218,3.493,3.493
11219,3.493,3.493
11220,3.493,3.493
11221,3.493,3.493
11222,3.493,3.493
11223,3.493,3.493
11224,3.493,3.493
11225,3.493,3.493
11226,3.493,3.493
11227,3.493,3.493
11228,3.493,3.493
11229,3.493,3.493
11230,3.493,3.493
11231,3.493,3.493
11232,3.493,3.493
11233,3.493,3.493
11234,3.493,3.493
11235,3.493,3.493
11236,3.493,3.493
11237,3.493,3.493
11238,3.493,3.493
11239,3.493,3.493
11240,3.493,3.493
11241,3.493,3.493
11242,3.493,3.493
11243,3.493,3.493
11244,3.493,3.493
11245,3.493,3.493
11246,3.493,3.493
11247,3.493,3.493
11248,3.493,3.493
11249,3.493,3.493
11250,3.493,3.493
11251,3.493,3.493
11252,3.493,3.493
11253,3.493,3.493
11254,3.493,3.493
11255,3.493,3.493
11256,3.493,3.493
11257,3.493,3.493
11258,3.493,3.493
11259,3.493,3.493
11260,3.493,3.493
11261,3.493,3.493
11262,3.493,3.493
11263,3.493,3.493
11264,3.493,3.493
11265,3.493,3.493
11266,3.493,3.493
11267,3.493,3.493
11268,3.493,3.493
11269,3.493,3.493
11270,3.493,3.493
11271,3.493,3.493
11272,3.493,3.493
11273,3.493,3.493
11274,3.493,3.493
11275,3.493,3.493
11276,3.493,3.493
11277,3.493,3.493
11278,3.493,3.493
11279,3.493,3.493
11280,3.493,3.493
11281,3.493,3.493
11282,3.493,3.493
11283,3.493,3.493
11284,3.493,3.493
11285,3.493,3.493
11286,3.493,3.493
11287,3.493,3.493
11288,3.493,3.493
11289,3.493,3.493
11290,3.493,3.493
11291,3.493,3.493
11292,3.493,3.493
11293,3.493,3.493
11294,3.493,3.493
11295,3.493,3.493
11296,3.493,3.493
11297,3.493,3.493
11298,3.493,3.493
11299,3.493,3.493
11300,3.493,3.493
11301,3.493,3.493
11302,3.493,3.493
11303,3.493,3.493
11304,3.493,3.493
11305,3.493,3.493
11306,3.493,3.493
11307,3.493,3.493
11308,3.493,3.493
11309,3.493,3.493
11310,3.493,3.493
11311,3.493,3.493
11312,3.493,3.493
11313,3.493,3.493
11314,3.493,3.493
11315,3.493,3.493
11316,3.493,3.493
11317,3.493,3.493
11318,3.493,3.493
11319,3.493,3.493
11320,3.493,3.493
11321,3.493,3.493
11322,3.493,3.493
11323,3.493,3.493
11324,3.493,3.493
11325,3.493,3.493
11326,3.493,3.493
11327,3.493,3.493
11328,3.493,3.493
11329,3.493,3.493
11330,3.493,3.493
11331,3.493,3.493
11332,3.493,3.493
11333,3.493,3.493
11334,3.493,3.493
11335,3.493,3.493
11336,3.493,3.493
11337,3.493,3.493
11338,3.493,3.493
11339,3.493,3.493
11340,3.493,3.493
11341,3.493,3.493
11342,3.493,3.493
11343,3.493,3.493
11344,3.493,3.493
11345,3.493,3.493
11346,3.493,3.493
11347,3.493,3.493
11348,3.493,3.493
11349,3.493,3.493
11350,3.493,3.493
11351,3.493,3.493
11352,3.493,3.493
11353,3.493,3.493
11354,3.493,3.493
11355,3.493,3.493
11356,3.493,3.493
11357,3.493,3.493
11358,3.493,3.493
11359,3.493,3.493
11360,3.493,3.493
11361,3.493,3.493
11362,3.493,3.493
11363,3.493,3.493
11364,3.493,3.493
11365,3.493,3.493
11366,3.493,3.493
11367,3.493,3.493
11368,3.493,3.493
11369,3.493,3.493
11370,3.493,3.493
11371,3.493,3.493
11372,3.493,3.493
11373,3.493,3.493
11374,3.493,3.493
11375,3.493,3.493
11376,3.493,3.493
11377,3.493,3.493
11378,3.493,3.493
11379,3.493,3.493
11380,3.493,3.493
11381,3.493,3.493
11382,3.493,3.493
11383,3.493,3.493
11384,3.493,3.493
11385,3.493,3.493
11386,3.493,3.493
11387,3.493,3.493
11388,3.493,3.493
11389,3.493,3.493
11390,3.493,3.493
11391,3.493,3.493
11392,3.493,3.493
11393,3.493,3.493
11394,3.493,3.493
11395,3.493,3.493
11396,3.493,3.493
11397,3.493,3.493
11398,3.493,3.493
11399,3.493,3.493
11400,3.493,3.493
11401,3.493,3.493
11402,3.493,3.493
11403,3.493,3.493
11404,3.493,3.493
11405,3.493,3.493
11406,3.493,3.493
11407,3.493,3.493
11408,3.493,3.493
11409,3.493,3.493
11410,3.493,3.493
11411,3.493,3.493
11412,3.493,3.493
11413,3.493,3.493
11414,3.493,3.493
11415,3.493,3.493
11416,3.493,3.493
11417,3.493,3.493
11418,3.493,3.493
11419,3.493,3.493
11420,3.493,3.493
11421,3.493,3.493
11422,3.493,3.493
11423,3.493,3.493
11424,3.493,3.493
11425,3.493,3.493
11426,3.493,3.493
11427,3.493,3.493
11428,3.493,3.493
11429,3.493,3.493
11430,3.493,3.493
11431,3.493,3.493
11432,3.493,3.493
11433,3.493,3.493
11434,3.493,3.493
11435,3.493,3.493
11436,3.493,3.493
11437,3.493,3.493
11438,3.493,3.493
11439,3.493,3.493
11440,3.493,3.493
11441,3.493,3.493
11442,3.493,3.493
11443,3.493,3.493
11444,3.493,3.493
11445,3.493,3.493
11446,3.493,3.493
11447,3.493,3.493
11448,3.493,3.493
11449,3.493,3.493
11450,3.493,3.493
11451,3.493,3.493
11452,3.493,3.493
11453,3.493,3.493
11454,3.493,3.493
11455,3.493,3.493
11456,3.493,3.493
11457,3.493,3.493
11458,3.493,3.493
11459,3.493,3.493
11460,3.493,3.493
11461,3.493,3.493
11462,3.493,3.493
11463,3.493,3.493
11464,3.493,3.493
11465,3.493,3.493
11466,3.493,3.493
11467,3.493,3.493
11468,3.493,3.493
11469,3.493,3.493
11470,3.493,3.493
11471,3.493,3.493
11472,3.493,3.493
11473,3.493,3.493
11474,3.493,3.493
11475,3.493,3.493
11476,3.493,3.493
11477,3.493,3.493
11478,3.493,3.493
11479,3.493,3.493
11480,3.493,3.493
11481,3.493,3.493
11482,3.493,3.493
11483,3.493,3.493
11484,3.493,3.493
11485,3.493,3.493
11486,3.493,3.493
11487,3.493,3.493
11488,3.493,3.493
11489,3.493,3.493
11490,3.493,3.493
11491,3.493,3.493
11492,3.493,3.493
11493,3.493,3.493
11494,3.493,3.493
11495,3.493,3.493
11496,3.493,3.493
11497,3.493,3.493
11498,3.493,3.493
11499,3.493,3.493
11500,3.493,3.493
11501,3.493,3.493
11502,3.493,3.493
11503,3.493,3.493
11504,3.493,3.493
11505,3.493,3.493
11506,3.493,3.493
11507,3.493,3.493
11508,3.493,3.493
11509,3.493,3.493
11510,3.493,3.493
11511,3.493,3.493
11512,3.493,3.493
11513,3.493,3.493
11514,3.493,3.493
11515,3.493,3.493
11516,3.493,3.493
11517,3.493,3.493
11518,3.493,3.493
11519,3.493,3.493
11520,3.493,3.493
11521,3.493,3.493
11522,3.493,3.493
11523,3.493,3.493
11524,3.493,3.493
11525,3.493,3.493
11526,3.493,3.493
11527,3.493,3.493
11528,3.493,3.493
11529,3.493,3.493
11530,3.493,3.493
11531,3.493,3.493
11532,3.493,3.493
11533,3.493,3.493
11534,3.493,3.493
11535,3.493,3.493
11536,3.493,3.493
11537,3.493,3.493
11538,3.493,3.493
11539,3.493,3.493
11540,3.493,3.493
11541,3.493,3.493
11542,3.493,3.493
11543,3.493,3.493
11544,3.493,3.493
11545,3.493,3.493
11546,3.493,3.493
11547,3.493,3.493
11548,3.493,3.493
11549,3.493,3.493
11550,3.493,3.493
11551,3.493,3.493
11552,3.493,3.493
11553,3.493,3.493
11554,3.493,3.493
11555,3.493,3.493
11556,3.493,3.493
11557,3.493,3.493
11558,3.493,3.493
11559,3.493,3.493
11560,3.493,3.493
11561,3.493,3.493
11562,3.493,3.493
11563,3.493,3.493
11564,3.493,3.493
11565,3.493,3.493
11566,3.493,3.493
11567,3.493,3.493
11568,3.493,3.493
11569,3.493,3.493
11570,3.493,3.493
11571,3.493,3.493
11572,3.493,3.493
11573,3.493,3.493
11574,3.493,3.493
11575,3.493,3.493
11576,3.493,3.493
11577,3.493,3.493
11578,3.493,3.493
11579,3.493,3.493
11580,3.493,3.493
11581,3.493,3.493
11582,3.493,3.493
11583,3.493,3.493
11584,3.493,3.493
11585,3.493,3.493
11586,3.493,3.493
11587,3.493,3.493
11588,3.493,3.493
11589,3.493,3.493
11590,3.493,3.493
11591,3.493,3.493
11592,3.493,3.493
11593,3.493,3.493
11594,3.493,3.493
11595,3.493,3.493
11596,3.493,3.493
11597,3.493,3.493
11598,3.493,3.493
11599,3.493,3.493
11600,3.493,3.493
11601,3.493,3.493
11602,3.493,3.493
11603,3.493,3.493
11604,3.493,3.493
11605,3.493,3.493
11606,3.493,3.493
11607,3.493,3.493
11608,3.493,3.493
11609,3.493,3.493
11610,3.493,3.493
11611,3.493,3.493
11612,3.493,3.493
11613,3.493,3.493
11614,3.493,3.493
11615,3.493,3.493
11616,3.493,3.493
11617,3.493,3.493
11618,3.493,3.493
11619,3.493,3.493
11620,3.493,3.493
11621,3.493,3.493
11622,3.493,3.493
11623,3.493,3.493
11624,3.493,3.493
11625,3.493,3.493
11626,3.493,3.493
11627,3.493,3.493
11628,3.493,3.493
11629,3.493,3.493
11630,3.493,3.493
11631,3.493,3.493
11632,3.493,3.493
11633,3.493,3.493
11634,3.493,3.493
11635,3.493,3.493
11636,3.493,3.493
11637,3.493,3.493
11638,3.493,3.493
11639,3.493,3.493
11640,3.493,3.493
11641,3.493,3.493
11642,3.493,3.493
11643,3.493,3.493
11644,3.493,3.493
11645,3.493,3.493
11646,3.493,3.493
11647,3.493,3.493
11648,3.493,3.493
11649,3.493,3.493
11650,3.493,3.493
11651,3.493,3.493
11652,3.493,3.493
11653,3.493,3.493
11654,3.493,3.493
11655,3.493,3.493
11656,3.493,3.493
11657,3.493,3.493
11658,3.493,3.493
11659,3.493,3.493
11660,3.493,3.493
11661,3.493,3.493
11662,3.493,3.493
11663,3.493,3.493
11664,3.493,3.493
11665,3.493,3.493
11666,3.493,3.493
11667,3.493,3.493
11668,3.493,3.493
11669,3.493,3.493
11670,3.493,3.493
11671,3.493,3.493
11672,3.493,3.493
11673,3.493,3.493
11674,3.493,3.493
11675,3.493,3.493
11676,3.493,3.493
11677,3.493,3.493
11678,3.493,3.493
11679,3.493,3.493
11680,3.493,3.493
11681,3.493,3.493
11682,3.493,3.493
11683,3.493,3.493
11684,3.493,3.493
11685,3.493,3.493
11686,3.493,3.493
11687,3.493,3.493
11688,3.493,3.493
11689,3.493,3.493
11690,3.493,3.493
11691,3.493,3.493
11692,3.493,3.493
11693,3.493,3.493
11694,3.493,3.493
11695,3.493,3.493
11696,3.493,3.493
11697,3.493,3.493
11698,3.493,3.493
11699,3.493,3.493
11700,3.493,3.493
11701,3.493,3.493
11702,3.493,3.493
11703,3.493,3.493
11704,3.493,3.493
11705,3.493,3.493
11706,3.493,3.493
11707,3.493,3.493
11708,3.493,3.493
11709,3.493,3.493
11710,3.493,3.493
11711,3.493,3.493
11712,3.493,3.493
11713,3.493,3.493
11714,3.493,3.493
11715,3.493,3.493
11716,3.493,3.493
11717,3.493,3.493
11718,3.493,3.493
11719,3.493,3.493
11720,3.493,3.493
11721,3.493,3.493
11722,3.493,3.493
11723,3.493,3.493
11724,3.493,3.493
11725,3.493,3.493
11726,3.493,3.493
11727,3.493,3.493
11728,3.493,3.493
11729,3.493,3.493
11730,3.493,3.493
11731,3.493,3.493
11732,3.493,3.493
11733,3.493,3.493
11734,3.493,3.493
11735,3.493,3.493
11736,3.493,3.493
11737,3.493,3.493
11738,3.493,3.493
11739,3.493,3.493
11740,3.493,3.493
11741,3.493,3.493
11742,3.493,3.493
11743,3.493,3.493
11744,3.493,3.493
11745,3.493,3.493
11746,3.493,3.493
11747,3.493,3.493
11748,3.493,3.493
11749,3.493,3.493
11750,3.493,3.493
11751,3.493,3.493
11752,3.493,3.493
11753,3.493,3.493
11754,3.493,3.493
11755,3.493,3.493
11756,3.493,3.493
11757,3.493,3.493
11758,3.493,3.493
11759,3.493,3.493
11760,3.493,3.493
11761,3.493,3.493
11762,3.493,3.493
11763,3.493,3.493
11764,3.493,3.493
11765,3.493,3.493
11766,3.493,3.493
11767,3.493,3.493
11768,3.493,3.493
11769,3.493,3.493
11770,3.493,3.493
11771,3.493,3.493
11772,3.493,3.493
11773,3.493,3.493
11774,3.493,3.493
11775,3.493,3.493
11776,3.493,3.493
11777,3.493,3.493
11778,3.493,3.493
11779,3.493,3.493
11780,3.493,3.493
11781,3.493,3.493
11782,3.493,3.493
11783,3.493,3.493
11784,3.493,3.493
11785,3.493,3.493
11786,3.493,3.493
11787,3.493,3.493
11788,3.493,3.493
11789,3.493,3.493
11790,3.493,3.493
11791,3.493,3.493
11792,3.493,3.493
11793,3.493,3.493
11794,3.493,3.493
11795,3.493,3.493
11796,3.493,3.493
11797,3.493,3.493
11798,3.493,3.493
11799,3.493,3.493
11800,3.493,3.493
11801,3.493,3.493
11802,3.493,3.493
11803,3.493,3.493
11804,3.493,3.493
11805,3.493,3.493
11806,3.493,3.493
11807,3.493,3.493
11808,3.493,3.493
11809,3.493,3.493
11810,3.493,3.493
11811,3.493,3.493
11812,3.493,3.493
11813,3.493,3.493
11814,3.493,3.493
11815,3.493,3.493
11816,3.493,3.493
11817,3.493,3.493
11818,3.493,3.493
11819,3.493,3.493
11820,3.493,3.493
11821,3.493,3.493
11822,3.493,3.493
11823,3.493,3.493
11824,3.493,3.493
11825,3.493,3.493
11826,3.493,3.493
11827,3.493,3.493
11828,3.493,3.493
11829,3.493,3.493
11830,3.493,3.493
11831,3.493,3.493
11832,3.493,3.493
11833,3.493,3.493
11834,3.493,3.493
11835,3.493,3.493
11836,3.493,3.493
11837,3.493,3.493
11838,3.493,3.493
11839,3.493,3.493
11840,3.493,3.493
11841,3.493,3.493
11842,3.493,3.493
11843,3.493,3.493
11844,3.493,3.493
11845,3.493,3.493
11846,3.493,3.493
11847,3.493,3.493
11848,3.493,3.493
11849,3.493,3.493
11850,3.493,3.493
11851,3.493,3.493
11852,3.493,3.493
11853,3.493,3.493
11854,3.493,3.493
11855,3.493,3.493
11856,3.493,3.493
11857,3.493,3.493
11858,3.493,3.493
11859,3.493,3.493
11860,3.493,3.493
11861,3.493,3.493
11862,3.493,3.493
11863,3.493,3.493
11864,3.493,3.493
11865,3.493,3.493
11866,3.493,3.493
11867,3.493,3.493
11868,3.493,3.493
11869,3.493,3.493
11870,3.493,3.493
11871,3.493,3.493
11872,3.493,3.493
11873,3.493,3.493
11874,3.493,3.493
11875,3.493,3.493
11876,3.493,3.493
11877,3.493,3.493
11878,3.493,3.493
11879,3.493,3.493
11880,3.493,3.493
11881,3.493,3.493
11882,3.493,3.493
11883,3.493,3.493
11884,3.493,3.493
11885,3.493,3.493
11886,3.493,3.493
11887,3.493,3.493
11888,3.493,3.493
11889,3.493,3.493
11890,3.493,3.493
11891,3.493,3.493
11892,3.493,3.493
11893,3.493,3.493
11894,3.493,3.493
11895,3.493,3.493
11896,3.493,3.493
11897,3.493,3.493
11898,3.493,3.493
11899,3.493,3.493
11900,3.493,3.493
11901,3.493,3.493
11902,3.493,3.493
11903,3.493,3.493
11904,3.493,3.493
11905,3.493,3.493
11906,3.493,3.493
11907,3.493,3.493
11908,3.493,3.493
11909,3.493,3.493
11910,3.493,3.493
11911,3.493,3.493
11912,3.493,3.493
11913,3.493,3.493
11914,3.493,3.493
11915,3.493,3.493
11916,3.493,3.493
11917,3.493,3.493
11918,3.493,3.493
11919,3.493,3.493
11920,3.493,3.493
11921,3.493,3.493
11922,3.493,3.493
11923,3.493,3.493
11924,3.493,3.493
11925,3.493,3.493
11926,3.493,3.493
11927,3.493,3.493
11928,3.493,3.493
11929,3.493,3.493
11930,3.493,3.493
11931,3.493,3.493
11932,3.493,3.493
11933,3.493,3.493
11934,3.493,3.493
11935,3.493,3.493
11936,3.493,3.493
11937,3.493,3.493
11938,3.493,3.493
11939,3.493,3.493
11940,3.493,3.493
11941,3.493,3.493
11942,3.493,3.493
11943,3.493,3.493
11944,3.493,3.493
11945,3.493,3.493
11946,3.493,3.493
11947,3.493,3.493
11948,3.493,3.493
11949,3.493,3.493
11950,3.493,3.493
11951,3.493,3.493
11952,3.493,3.493
11953,3.493,3.493
11954,3.493,3.493
11955,3.493,3.493
11956,3.493,3.493
11957,3.493,3.493
11958,3.493,3.493
11959,3.493,3.493
11960,3.493,3.493
11961,3.493,3.493
11962,3.493,3.493
11963,3.493,3.493
11964,3.493,3.493
11965,3.493,3.493
11966,3.493,3.493
11967,3.493,3.493
11968,3.493,3.493
11969,3.493,3.493
11970,3.493,3.493
11971,3.493,3.493
11972,3.493,3.493
11973,3.493,3.493
11974,3.493,3.493
11975,3.493,3.493
11976,3.493,3.493
11977,3.493,3.493
11978,3.493,3.493
11979,3.493,3.493
11980,3.493,3.493
11981,3.493,3.493
11982,3.493,3.493
11983,3.493,3.493
11984,3.493,3.493
11985,3.493,3.493
11986,3.493,3.493
11987,3.493,3.493
11988,3.493,3.493
11989,3.493,3.493
11990,3.493,3.493
11991,3.493,3.493
11992,3.493,3.493
11993,3.493,3.493
11994,3.493,3.493
11995,3.493,3.493
11996,3.493,3.493
11997,3.493,3.493
11998,3.493,3.493
11999,3.493,3.493
12000,3.493,3.493
12001,3.493,3.493
12002,3.493,3.493
12003,3.493,3.493
12004,3.493,3.493
12005,3.493,3.493
12006,3.493,3.493
12007,3.493,3.493
12008,3.493,3.493
12009,3.493,3.493
12010,3.493,3.493
12011,3.493,3.493
12012,3.493,3.493
12013,3.493,3.493
12014,3.493,3.493
12015,3.493,3.493
12016,3.493,3.493
12017,3.493,3.493
12018,3.493,3.493
12019,3.493,3.493
12020,3.493,3.493
12021,3.493,3.493
12022,3.493,3.493
12023,3.493,3.493
12024,3.493,3.493
12025,3.493,3.493
12026,3.493,3.493
12027,3.493,3.493
12028,3.493,3.493
12029,3.493,3.493
12030,3.493,3.493
12031,3.493,3.493
12032,3.493,3.493
12033,3.493,3.493
12034,3.493,3.493
12035,3.493,3.493
12036,3.493,3.493
12037,3.493,3.493
12038,3.493,3.493
12039,3.493,3.493
12040,3.493,3.493
12041,3.493,3.493
12042,3.493,3.493
12043,3.493,3.493
12044,3.493,3.493
12045,3.493,3.493
12046,3.493,3.493
12047,3.493,3.493
12048,3.493,3.493
12049,3.493,3.493
12050,3.493,3.493
12051,3.493,3.493
12052,3.493,3.493
12053,3.493,3.493
12054,3.493,3.493
12055,3.493,3.493
12056,3.493,3.493
12057,3.493,3.493
12058,3.493,3.493
12059,3.493,3.493
12060,3.493,3.493
12061,3.493,3.493
12062,3.493,3.493
12063,3.493,3.493
12064,3.493,3.493
12065,3.493,3.493
12066,3.493,3.493
12067,3.493,3.493
12068,3.493,3.493
12069,3.493,3.493
12070,3.493,3.493
12071,3.493,3.493
12072,3.493,3.493
12073,3.493,3.493
12074,3.493,3.493
12075,3.493,3.493
12076,3.493,3.493
12077,3.493,3.493
12078,3.493,3.493
12079,3.493,3.493
12080,3.493,3.493
12081,3.493,3.493
12082,3.493,3.493
12083,3.493,3.493
12084,3.493,3.493
12085,3.493,3.493
12086,3.493,3.493
12087,3.493,3.493
12088,3.493,3.493
12089,3.493,3.493
12090,3.493,3.493
12091,3.493,3.493
12092,3.493,3.493
12093,3.493,3.493
12094,3.493,3.493
12095,3.493,3.493
12096,3.493,3.493
12097,3.493,3.493
12098,3.493,3.493
12099,3.493,3.493
12100,3.493,3.493
12101,3.493,3.493
12102,3.493,3.493
12103,3.493,3.493
12104,3.493,3.493
12105,3.493,3.493
12106,3.493,3.493
12107,3.493,3.493
12108,3.493,3.493
12109,3.493,3.493
12110,3.493,3.493
12111,3.493,3.493
12112,3.493,3.493
12113,3.493,3.493
12114,3.493,3.493
12115,3.493,3.493
12116,3.493,3.493
12117,3.493,3.493
12118,3.493,3.493
12119,3.493,3.493
12120,3.493,3.493
12121,3.493,3.493
12122,3.493,3.493
12123,3.493,3.493
12124,3.493,3.493
12125,3.493,3.493
12126,3.493,3.493
12127,3.493,3.493
12128,3.493,3.493
12129,3.493,3.493
12130,3.493,3.493
12131,3.493,3.493
12132,3.493,3.493
12133,3.493,3.493
12134,3.493,3.493
12135,3.493,3.493
12136,3.493,3.493
12137,3.493,3.493
12138,3.493,3.493
12139,3.493,3.493
12140,3.493,3.493
12141,3.493,3.493
12142,3.493,3.493
12143,3.493,3.493
12144,3.493,3.493
12145,3.493,3.493
12146,3.493,3.493
12147,3.493,3.493
12148,3.493,3.493
12149,3.493,3.493
12150,3.493,3.493
12151,3.493,3.493
12152,3.493,3.493
12153,3.493,3.493
12154,3.493,3.493
12155,3.493,3.493
12156,3.493,3.493
12157,3.493,3.493
12158,3.493,3.493
12159,3.493,3.493
12160,3.493,3.493
12161,3.493,3.493
12162,3.493,3.493
12163,3.493,3.493
12164,3.493,3.493
12165,3.493,3.493
12166,3.493,3.493
12167,3.493,3.493
12168,3.493,3.493
12169,3.493,3.493
12170,3.493,3.493
12171,3.493,3.493
12172,3.493,3.493
12173,3.493,3.493
12174,3.493,3.493
12175,3.493,3.493
12176,3.493,3.493
12177,3.493,3.493
12178,3.493,3.493
12179,3.493,3.493
12180,3.493,3.493
12181,3.493,3.493
12182,3.493,3.493
12183,3.493,3.493
12184,3.493,3.493
12185,3.493,3.493
12186,3.493,3.493
12187,3.493,3.493
12188,3.493,3.493
12189,3.493,3.493
12190,3.493,3.493
12191,3.493,3.493
12192,3.493,3.493
12193,3.493,3.493
12194,3.493,3.493
12195,3.493,3.493
12196,3.493,3.493
12197,3.493,3.493
12198,3.493,3.493
12199,3.493,3.493
12200,3.493,3.493
12201,3.493,3.493
12202,3.493,3.493
12203,3.493,3.493
12204,3.493,3.493
12205,3.493,3.493
12206,3.493,3.493
12207,3.493,3.493
12208,3.493,3.493
12209,3.493,3.493
12210,3.493,3.493
12211,3.493,3.493
12212,3.493,3.493
12213,3.493,3.493
12214,3.493,3.493
12215,3.493,3.493
12216,3.493,3.493
12217,3.493,3.493
12218,3.493,3.493
12219,3.493,3.493
12220,3.493,3.493
12221,3.493,3.493
12222,3.493,3.493
12223,3.493,3.493
12224,3.493,3.493
12225,3.493,3.493
12226,3.493,3.493
12227,3.493,3.493
12228,3.493,3.493
12229,3.493,3.493
12230,3.493,3.493
12231,3.493,3.493
12232,3.493,3.493
12233,3.493,3.493
12234,3.493,3.493
12235,3.493,3.493
12236,3.493,3.493
12237,3.493,3.493
12238,3.493,3.493
12239,3.493,3.493
12240,3.493,3.493
12241,3.493,3.493
12242,3.493,3.493
12243,3.493,3.493
12244,3.493,3.493
12245,3.493,3.493
12246,3.493,3.493
12247,3.493,3.493
12248,3.493,3.493
12249,3.493,3.493
12250,3.493,3.493
12251,3.493,3.493
12252,3.493,3.493
12253,3.493,3.493
12254,3.493,3.493
12255,3.493,3.493
12256,3.493,3.493
12257,3.493,3.493
12258,3.493,3.493
12259,3.493,3.493
12260,3.493,3.493
12261,3.493,3.493
12262,3.493,3.493
12263,3.493,3.493
12264,3.493,3.493
12265,3.493,3.493
12266,3.493,3.493
12267,3.493,3.493
12268,3.493,3.493
12269,3.493,3.493
12270,3.493,3.493
12271,3.493,3.493
12272,3.493,3.493
12273,3.493,3.493
12274,3.493,3.493
12275,3.493,3.493
12276,3.493,3.493
12277,3.493,3.493
12278,3.493,3.493
12279,3.493,3.493
12280,3.493,3.493
12281,3.493,3.493
12282,3.493,3.493
12283,3.493,3.493
12284,3.493,3.493
12285,3.493,3.493
12286,3.493,3.493
12287,3.493,3.493
12288,3.493,3.493
12289,3.493,3.493
12290,3.493,3.493
12291,3.493,3.493
12292,3.493,3.493
12293,3.493,3.493
12294,3.493,3.493
12295,3.493,3.493
12296,3.493,3.493
12297,3.493,3.493
12298,3.493,3.493
12299,3.493,3.493
12300,3.493,3.493
12301,3.493,3.493
12302,3.493,3.493
12303,3.493,3.493
12304,3.493,3.493
12305,3.493,3.493
12306,3.493,3.493
12307,3.493,3.493
12308,3.493,3.493
12309,3.493,3.493
12310,3.493,3.493
12311,3.493,3.493
12312,3.493,3.493
12313,3.493,3.493
12314,3.493,3.493
12315,3.493,3.493
12316,3.493,3.493
12317,3.493,3.493
12318,3.493,3.493
12319,3.493,3.493
12320,3.493,3.493
12321,3.493,3.493
12322,3.493,3.493
12323,3.493,3.493
12324,3.493,3.493
12325,3.493,3.493
12326,3.493,3.493
12327,3.493,3.493
12328,3.493,3.493
12329,3.493,3.493
12330,3.493,3.493
12331,3.493,3.493
12332,3.493,3.493
12333,3.493,3.493
12334,3.493,3.493
12335,3.493,3.493
12336,3.493,3.493
12337,3.493,3.493
12338,3.493,3.493
12339,3.493,3.493
12340,3.493,3.493
12341,3.493,3.493
12342,3.493,3.493
12343,3.493,3.493
12344,3.493,3.493
12345,3.493,3.493
12346,3.493,3.493
12347,3.493,3.493
12348,3.493,3.493
12349,3.493,3.493
12350,3.493,3.493
12351,3.493,3.493
12352,3.493,3.493
12353,3.493,3.493
12354,3.493,3.493
12355,3.493,3.493
12356,3.493,3.493
12357,3.493,3.493
12358,3.493,3.493
12359,3.493,3.493
12360,3.493,3.493
12361,3.493,3.493
12362,3.493,3.493
12363,3.493,3.493
12364,3.493,3.493
12365,3.493,3.493
12366,3.493,3.493
12367,3.493,3.493
12368,3.493,3.493
12369,3.493,3.493
12370,3.493,3.493
12371,3.493,3.493
12372,3.493,3.493
12373,3.493,3.493
12374,3.493,3.493
12375,3.493,3.493
12376,3.493,3.493
12377,3.493,3.493
12378,3.493,3.493
12379,3.493,3.493
12380,3.493,3.493
12381,3.493,3.493
12382,3.493,3.493
12383,3.493,3.493
12384,3.493,3.493
12385,3.493,3.493
12386,3.493,3.493
12387,3.493,3.493
12388,3.493,3.493
12389,3.493,3.493
12390,3.493,3.493
12391,3.493,3.493
12392,3.493,3.493
12393,3.493,3.493
12394,3.493,3.493
12395,3.493,3.493
12396,3.493,3.493
12397,3.493,3.493
12398,3.493,3.493
12399,3.493,3.493
12400,3.493,3.493
12401,3.493,3.493
12402,3.493,3.493
12403,3.493,3.493
12404,3.493,3.493
12405,3.493,3.493
12406,3.493,3.493
12407,3.493,3.493
12408,3.493,3.493
12409,3.493,3.493
12410,3.493,3.493
12411,3.493,3.493
12412,3.493,3.493
12413,3.493,3.493
12414,3.493,3.493
12415,3.493,3.493
12416,3.493,3.493
12417,3.493,3.493
12418,3.493,3.493
12419,3.493,3.493
12420,3.493,3.493
12421,3.493,3.493
12422,3.493,3.493
12423,3.493,3.493
12424,3.493,3.493
12425,3.493,3.493
12426,3.493,3.493
12427,3.493,3.493
12428,3.493,3.493
12429,3.493,3.493
12430,3.493,3.493
12431,3.493,3.493
12432,3.493,3.493
12433,3.493,3.493
12434,3.493,3.493
12435,3.493,3.493
12436,3.493,3.493
12437,3.493,3.493
12438,3.493,3.493
12439,3.493,3.493
12440,3.493,3.493
12441,3.493,3.493
12442,3.493,3.493
12443,3.493,3.493
12444,3.493,3.493
12445,3.493,3.493
12446,3.493,3.493
12447,3.493,3.493
12448,3.493,3.493
12449,3.493,3.493
12450,3.493,3.493
12451,3.493,3.493
12452,3.493,3.493
12453,3.493,3.493
12454,3.493,3.493
12455,3.493,3.493
12456,3.493,3.493
12457,3.493,3.493
12458,3.493,3.493
12459,3.493,3.493
12460,3.493,3.493
12461,3.493,3.493
12462,3.493,3.493
12463,3.493,3.493
12464,3.493,3.493
12465,3.493,3.493
12466,3.493,3.493
12467,3.493,3.493
12468,3.493,3.493
12469,3.493,3.493
12470,3.493,3.493
12471,3.493,3.493
12472,3.493,3.493
12473,3.493,3.493
12474,3.493,3.493
12475,3.493,3.493
12476,3.493,3.493
12477,3.493,3.493
12478,3.493,3.493
12479,3.493,3.493
12480,3.493,3.493
12481,3.493,3.493
12482,3.493,3.493
12483,3.493,3.493
12484,3.493,3.493
12485,3.493,3.493
12486,3.493,3.493
12487,3.493,3.493
12488,3.493,3.493
12489,3.493,3.493
12490,3.493,3.493
12491,3.493,3.493
12492,3.493,3.493
12493,3.493,3.493
12494,3.493,3.493
12495,3.493,3.493
12496,3.493,3.493
12497,3.493,3.493
12498,3.493,3.493
12499,3.493,3.493
12500,3.493,3.493
12501,3.493,3.493
12502,3.493,3.493
12503,3.493,3.493
12504,3.493,3.493
12505,3.493,3.493
12506,3.493,3.493
12507,3.493,3.493
12508,3.493,3.493
12509,3.493,3.493
12510,3.493,3.493
12511,3.493,3.493
12512,3.493,3.493
12513,3.493,3.493
12514,3.493,3.493
12515,3.493,3.493
12516,3.493,3.493
12517,3.493,3.493
12518,3.493,3.493
12519,3.493,3.493
12520,3.493,3.493
12521,3.493,3.493
12522,3.493,3.493
12523,3.493,3.493
12524,3.493,3.493
12525,3.493,3.493
12526,3.493,3.493
12527,3.493,3.493
12528,3.493,3.493
12529,3.493,3.493
12530,3.493,3.493
12531,3.493,3.493
12532,3.493,3.493
12533,3.493,3.493
12534,3.493,3.493
12535,3.493,3.493
12536,3.493,3.493
12537,3.493,3.493
12538,3.493,3.493
12539,3.493,3.493
12540,3.493,3.493
12541,3.493,3.493
12542,3.493,3.493
12543,3.493,3.493
12544,3.493,3.493
12545,3.493,3.493
12546,3.493,3.493
12547,3.493,3.493
12548,3.493,3.493
12549,3.493,3.493
12550,3.493,3.493
12551,3.493,3.493
12552,3.493,3.493
12553,3.493,3.493
12554,3.493,3.493
12555,3.493,3.493
12556,3.493,3.493
12557,3.493,3.493
12558,3.493,3.493
12559,3.493,3.493
12560,3.493,3.493
12561,3.493,3.493
12562,3.493,3.493
12563,3.493,3.493
12564,3.493,3.493
12565,3.493,3.493
12566,3.493,3.493
12567,3.493,3.493
12568,3.493,3.493
12569,3.493,3.493
12570,3.493,3.493
12571,3.493,3.493
12572,3.493,3.493
12573,3.493,3.493
12574,3.493,3.493
12575,3.493,3.493
12576,3.493,3.493
12577,3.493,3.493
12578,3.493,3.493
12579,3.493,3.493
12580,3.493,3.493
12581,3.493,3.493
12582,3.493,3.493
12583,3.493,3.493
12584,3.493,3.493
12585,3.493,3.493
12586,3.493,3.493
12587,3.493,3.493
12588,3.493,3.493
12589,3.493,3.493
12590,3.493,3.493
12591,3.493,3.493
12592,3.493,3.493
12593,3.493,3.493
12594,3.493,3.493
12595,3.493,3.493
12596,3.493,3.493
12597,3.493,3.493
12598,3.493,3.493
12599,3.493,3.493
12600,3.493,3.493
12601,3.493,3.493
12602,3.493,3.493
12603,3.493,3.493
12604,3.493,3.493
12605,3.493,3.493
12606,3.493,3.493
12607,3.493,3.493
12608,3.493,3.493
12609,3.493,3.493
12610,3.493,3.493
12611,3.493,3.493
12612,3.493,3.493
12613,3.493,3.493
12614,3.493,3.493
12615,3.493,3.493
12616,3.493,3.493
12617,3.493,3.493
12618,3.493,3.493
12619,3.493,3.493
12620,3.493,3.493
12621,3.493,3.493
12622,3.493,3.493
12623,3.493,3.493
12624,3.493,3.493
12625,3.493,3.493
12626,3.493,3.493
12627,3.493,3.493
12628,3.493,3.493
12629,3.493,3.493
12630,3.493,3.493
12631,3.493,3.493
12632,3.493,3.493
12633,3.493,3.493
12634,3.493,3.493
12635,3.493,3.493
12636,3.493,3.493
12637,3.493,3.493
12638,3.493,3.493
12639,3.493,3.493
12640,3.493,3.493
12641,3.493,3.493
12642,3.493,3.493
12643,3.493,3.493
12644,3.493,3.493
12645,3.493,3.493
12646,3.493,3.493
12647,3.493,3.493
12648,3.493,3.493
12649,3.493,3.493
12650,3.493,3.493
12651,3.493,3.493
12652,3.493,3.493
12653,3.493,3.493
12654,3.493,3.493
12655,3.493,3.493
12656,3.493,3.493
12657,3.493,3.493
12658,3.493,3.493
12659,3.493,3.493
12660,3.493,3.493
12661,3.493,3.493
12662,3.493,3.493
12663,3.493,3.493
12664,3.493,3.493
12665,3.493,3.493
12666,3.493,3.493
12667,3.493,3.493
12668,3.493,3.493
12669,3.493,3.493
12670,3.493,3.493
12671,3.493,3.493
12672,3.493,3.493
12673,3.493,3.493
12674,3.493,3.493
12675,3.493,3.493
12676,3.493,3.493
12677,3.493,3.493
12678,3.493,3.493
12679,3.493,3.493
12680,3.493,3.493
12681,3.493,3.493
12682,3.493,3.493
12683,3.493,3.493
12684,3.493,3.493
12685,3.493,3.493
12686,3.493,3.493
12687,3.493,3.493
12688,3.493,3.493
12689,3.493,3.493
12690,3.493,3.493
12691,3.493,3.493
12692,3.493,3.493
12693,3.493,3.493
12694,3.493,3.493
12695,3.493,3.493
12696,3.493,3.493
12697,3.493,3.493
12698,3.493,3.493
12699,3.493,3.493
12700,3.493,3.493
12701,3.493,3.493
12702,3.493,3.493
12703,3.493,3.493
12704,3.493,3.493
12705,3.493,3.493
12706,3.493,3.493
12707,3.493,3.493
12708,3.493,3.493
12709,3.493,3.493
12710,3.493,3.493
12711,3.493,3.493
12712,3.493,3.493
12713,3.493,3.493
12714,3.493,3.493
12715,3.493,3.493
12716,3.493,3.493
12717,3.493,3.493
12718,3.493,3.493
12719,3.493,3.493
12720,3.493,3.493
12721,3.493,3.493
12722,3.493,3.493
12723,3.493,3.493
12724,3.493,3.493
12725,3.493,3.493
12726,3.493,3.493
12727,3.493,3.493
12728,3.493,3.493
12729,3.493,3.493
12730,3.493,3.493
12731,3.493,3.493
12732,3.493,3.493
12733,3.493,3.493
12734,3.493,3.493
12735,3.493,3.493
12736,3.493,3.493
12737,3.493,3.493
12738,3.493,3.493
12739,3.493,3.493
12740,3.493,3.493
12741,3.493,3.493
12742,3.493,3.493
12743,3.493,3.493
12744,3.493,3.493
12745,3.493,3.493
12746,3.493,3.493
12747,3.493,3.493
12748,3.493,3.493
12749,3.493,3.493
12750,3.493,3.493
12751,3.493,3.493
12752,3.493,3.493
12753,3.493,3.493
12754,3.493,3.493
12755,3.493,3.493
12756,3.493,3.493
12757,3.493,3.493
12758,3.493,3.493
12759,3.493,3.493
12760,3.493,3.493
12761,3.493,3.493
12762,3.493,3.493
12763,3.493,3.493
12764,3.493,3.493
12765,3.493,3.493
12766,3.493,3.493
12767,3.493,3.493
12768,3.493,3.493
12769,3.493,3.493
12770,3.493,3.493
12771,3.493,3.493
12772,3.493,3.493
12773,3.493,3.493
12774,3.493,3.493
12775,3.493,3.493
12776,3.493,3.493
12777,3.493,3.493
12778,3.493,3.493
12779,3.493,3.493
12780,3.493,3.493
12781,3.493,3.493
12782,3.493,3.493
12783,3.493,3.493
12784,3.493,3.493
12785,3.493,3.493
12786,3.493,3.493
12787,3.493,3.493
12788,3.493,3.493
12789,3.493,3.493
12790,3.493,3.493
12791,3.493,3.493
12792,3.493,3.493
12793,3.493,3.493
12794,3.493,3.493
12795,3.493,3.493
12796,3.493,3.493
12797,3.493,3.493
12798,3.493,3.493
12799,3.493,3.493
12800,3.493,3.493
12801,3.493,3.493
12802,3.493,3.493
12803,3.493,3.493
12804,3.493,3.493
12805,3.493,3.493
12806,3.493,3.493
12807,3.493,3.493
12808,3.493,3.493
12809,3.493,3.493
12810,3.493,3.493
12811,3.493,3.493
12812,3.493,3.493
12813,3.493,3.493
12814,3.493,3.493
12815,3.493,3.493
12816,3.493,3.493
12817,3.493,3.493
12818,3.493,3.493
12819,3.493,3.493
12820,3.493,3.493
12821,3.493,3.493
12822,3.493,3.493
12823,3.493,3.493
12824,3.493,3.493
12825,3.493,3.493
12826,3.493,3.493
12827,3.493,3.493
12828,3.493,3.493
12829,3.493,3.493
12830,3.493,3.493
12831,3.493,3.493
12832,3.493,3.493
12833,3.493,3.493
12834,3.493,3.493
12835,3.493,3.493
12836,3.493,3.493
12837,3.493,3.493
12838,3.493,3.493
12839,3.493,3.493
12840,3.493,3.493
12841,3.493,3.493
12842,3.493,3.493
12843,3.493,3.493
12844,3.493,3.493
12845,3.493,3.493
12846,3.493,3.493
12847,3.493,3.493
12848,3.493,3.493
12849,3.493,3.493
12850,3.493,3.493
12851,3.493,3.493
12852,3.493,3.493
12853,3.493,3.493
12854,3.493,3.493
12855,3.493,3.493
12856,3.493,3.493
12857,3.493,3.493
12858,3.493,3.493
12859,3.493,3.493
12860,3.493,3.493
12861,3.493,3.493
12862,3.493,3.493
12863,3.493,3.493
12864,3.493,3.493
12865,3.493,3.493
12866,3.493,3.493
12867,3.493,3.493
12868,3.493,3.493
12869,3.493,3.493
12870,3.493,3.493
12871,3.493,3.493
12872,3.493,3.493
12873,3.493,3.493
12874,3.493,3.493
12875,3.493,3.493
12876,3.493,3.493
12877,3.493,3.493
12878,3.493,3.493
12879,3.493,3.493
12880,3.493,3.493
12881,3.493,3.493
12882,3.493,3.493
12883,3.493,3.493
12884,3.493,3.493
12885,3.493,3.493
12886,3.493,3.493
12887,3.493,3.493
12888,3.493,3.493
12889,3.493,3.493
12890,3.493,3.493
12891,3.493,3.493
12892,3.493,3.493
12893,3.493,3.493
12894,3.493,3.493
12895,3.493,3.493
12896,3.493,3.493
12897,3.493,3.493
12898,3.493,3.493
12899,3.493,3.493
12900,3.493,3.493
12901,3.493,3.493
12902,3.493,3.493
12903,3.493,3.493
12904,3.493,3.493
12905,3.493,3.493
12906,3.493,3.493
12907,3.493,3.493
12908,3.493,3.493
12909,3.493,3.493
12910,3.493,3.493
12911,3.493,3.493
12912,3.493,3.493
12913,3.493,3.493
12914,3.493,3.493
12915,3.493,3.493
12916,3.493,3.493
12917,3.493,3.493
12918,3.493,3.493
12919,3.493,3.493
12920,3.493,3.493
12921,3.493,3.493
12922,3.493,3.493
12923,3.493,3.493
12924,3.493,3.493
12925,3.493,3.493
12926,3.493,3.493
12927,3.493,3.493
12928,3.493,3.493
12929,3.493,3.493
12930,3.493,3.493
12931,3.493,3.493
12932,3.493,3.493
12933,3.493,3.493
12934,3.493,3.493
12935,3.493,3.493
12936,3.493,3.493
12937,3.493,3.493
12938,3.493,3.493
12939,3.493,3.493
12940,3.493,3.493
12941,3.493,3.493
12942,3.493,3.493
12943,3.493,3.493
12944,3.493,3.493
12945,3.493,3.493
12946,3.493,3.493
12947,3.493,3.493
12948,3.493,3.493
12949,3.493,3.493
12950,3.493,3.493
12951,3.493,3.493
12952,3.493,3.493
12953,3.493,3.493
12954,3.493,3.493
12955,3.493,3.493
12956,3.493,3.493
12957,3.493,3.493
12958,3.493,3.493
12959,3.493,3.493
12960,3.493,3.493
12961,3.493,3.493
12962,3.493,3.493
12963,3.493,3.493
12964,3.493,3.493
12965,3.493,3.493
12966,3.493,3.493
12967,3.493,3.493
12968,3.493,3.493
12969,3.493,3.493
12970,3.493,3.493
12971,3.493,3.493
12972,3.493,3.493
12973,3.493,3.493
12974,3.493,3.493
12975,3.493,3.493
12976,3.493,3.493
12977,3.493,3.493
12978,3.493,3.493
12979,3.493,3.493
12980,3.493,3.493
12981,3.493,3.493
12982,3.493,3.493
12983,3.493,3.493
12984,3.493,3.493
12985,3.493,3.493
12986,3.493,3.493
12987,3.493,3.493
12988,3.493,3.493
12989,3.493,3.493
12990,3.493,3.493
12991,3.493,3.493
12992,3.493,3.493
12993,3.493,3.493
12994,3.493,3.493
12995,3.493,3.493
12996,3.493,3.493
12997,3.493,3.493
12998,3.493,3.493
12999,3.493,3.493
13000,3.493,3.493
13001,3.493,3.493
13002,3.493,3.493
13003,3.493,3.493
13004,3.493,3.493
13005,3.493,3.493
13006,3.493,3.493
13007,3.493,3.493
13008,3.493,3.493
13009,3.493,3.493
13010,3.493,3.493
13011,3.493,3.493
13012,3.493,3.493
13013,3.493,3.493
13014,3.493,3.493
13015,3.493,3.493
13016,3.493,3.493
13017,3.493,3.493
13018,3.493,3.493
13019,3.493,3.493
13020,3.493,3.493
13021,3.493,3.493
13022,3.493,3.493
13023,3.493,3.493
13024,3.493,3.493
13025,3.493,3.493
13026,3.493,3.493
13027,3.493,3.493
13028,3.493,3.493
13029,3.493,3.493
13030,3.493,3.493
13031,3.493,3.493
13032,3.493,3.493
13033,3.493,3.493
13034,3.493,3.493
13035,3.493,3.493
13036,3.493,3.493
13037,3.493,3.493
13038,3.493,3.493
13039,3.493,3.493
13040,3.493,3.493
13041,3.493,3.493
13042,3.493,3.493
13043,3.493,3.493
13044,3.493,3.493
13045,3.493,3.493
13046,3.493,3.493
13047,3.493,3.493
13048,3.493,3.493
13049,3.493,3.493
13050,3.493,3.493
13051,3.493,3.493
13052,3.493,3.493
13053,3.493,3.493
13054,3.493,3.493
13055,3.493,3.493
13056,3.493,3.493
13057,3.493,3.493
13058,3.493,3.493
13059,3.493,3.493
13060,3.493,3.493
13061,3.493,3.493
13062,3.493,3.493
13063,3.493,3.493
13064,3.493,3.493
13065,3.493,3.493
13066,3.493,3.493
13067,3.493,3.493
13068,3.493,3.493
13069,3.493,3.493
13070,3.493,3.493
13071,3.493,3.493
13072,3.493,3.493
13073,3.493,3.493
13074,3.493,3.493
13075,3.493,3.493
13076,3.493,3.493
13077,3.493,3.493
13078,3.493,3.493
13079,3.493,3.493
13080,3.493,3.493
13081,3.493,3.493
13082,3.493,3.493
13083,3.493,3.493
13084,3.493,3.493
13085,3.493,3.493
13086,3.493,3.493
13087,3.493,3.493
13088,3.493,3.493
13089,3.493,3.493
13090,3.493,3.493
13091,3.493,3.493
13092,3.493,3.493
13093,3.493,3.493
13094,3.493,3.493
13095,3.493,3.493
13096,3.493,3.493
13097,3.493,3.493
13098,3.493,3.493
13099,3.493,3.493
13100,3.493,3.493
13101,3.493,3.493
13102,3.493,3.493
13103,3.493,3.493
13104,3.493,3.493
13105,3.493,3.493
13106,3.493,3.493
13107,3.493,3.493
13108,3.493,3.493
13109,3.493,3.493
13110,3.493,3.493
13111,3.493,3.493
13112,3.493,3.493
13113,3.493,3.493
13114,3.493,3.493
13115,3.493,3.493
13116,3.493,3.493
13117,3.493,3.493
13118,3.493,3.493
13119,3.493,3.493
13120,3.493,3.493
13121,3.493,3.493
13122,3.493,3.493
13123,3.493,3.493
13124,3.493,3.493
13125,3.493,3.493
13126,3.493,3.493
13127,3.493,3.493
13128,3.493,3.493
13129,3.493,3.493
13130,3.493,3.493
13131,3.493,3.493
13132,3.493,3.493
13133,3.493,3.493
13134,3.493,3.493
13135,3.493,3.493
13136,3.493,3.493
13137,3.493,3.493
13138,3.493,3.493
13139,3.493,3.493
13140,3.493,3.493
13141,3.493,3.493
13142,3.493,3.493
13143,3.493,3.493
13144,3.493,3.493
13145,3.493,3.493
13146,3.493,3.493
13147,3.493,3.493
13148,3.493,3.493
13149,3.493,3.493
13150,3.493,3.493
13151,3.493,3.493
13152,3.493,3.493
13153,3.493,3.493
13154,3.493,3.493
13155,3.493,3.493
13156,3.493,3.493
13157,3.493,3.493
13158,3.493,3.493
13159,3.493,3.493
13160,3.493,3.493
13161,3.493,3.493
13162,3.493,3.493
13163,3.493,3.493
13164,3.493,3.493
13165,3.493,3.493
13166,3.493,3.493
13167,3.493,3.493
13168,3.493,3.493
13169,3.493,3.493
13170,3.493,3.493
13171,3.493,3.493
13172,3.493,3.493
13173,3.493,3.493
13174,3.493,3.493
13175,3.493,3.493
13176,3.493,3.493
13177,3.493,3.493
13178,3.493,3.493
13179,3.493,3.493
13180,3.493,3.493
13181,3.493,3.493
13182,3.493,3.493
13183,3.493,3.493
13184,3.493,3.493
13185,3.493,3.493
13186,3.493,3.493
13187,3.493,3.493
13188,3.493,3.493
13189,3.493,3.493
13190,3.493,3.493
13191,3.493,3.493
13192,3.493,3.493
13193,3.493,3.493
13194,3.493,3.493
13195,3.493,3.493
13196,3.493,3.493
13197,3.493,3.493
13198,3.493,3.493
13199,3.493,3.493
13200,3.493,3.493
13201,3.493,3.493
13202,3.493,3.493
13203,3.493,3.493
13204,3.493,3.493
13205,3.493,3.493
13206,3.493,3.493
13207,3.493,3.493
13208,3.493,3.493
13209,3.493,3.493
13210,3.493,3.493
13211,3.493,3.493
13212,3.493,3.493
13213,3.493,3.493
13214,3.493,3.493
13215,3.493,3.493
13216,3.493,3.493
13217,3.493,3.493
13218,3.493,3.493
13219,3.493,3.493
13220,3.493,3.493
13221,3.493,3.493
13222,3.493,3.493
13223,3.493,3.493
13224,3.493,3.493
13225,3.493,3.493
13226,3.493,3.493
13227,3.493,3.493
13228,3.493,3.493
13229,3.493,3.493
13230,3.493,3.493
13231,3.493,3.493
13232,3.493,3.493
13233,3.493,3.493
13234,3.493,3.493
13235,3.493,3.493
13236,3.493,3.493
13237,3.493,3.493
13238,3.493,3.493
13239,3.493,3.493
13240,3.493,3.493
13241,3.493,3.493
13242,3.493,3.493
13243,3.493,3.493
13244,3.493,3.493
13245,3.493,3.493
13246,3.493,3.493
13247,3.493,3.493
13248,3.493,3.493
13249,3.493,3.493
13250,3.493,3.493
13251,3.493,3.493
13252,3.493,3.493
13253,3.493,3.493
13254,3.493,3.493
13255,3.493,3.493
13256,3.493,3.493
13257,3.493,3.493
13258,3.493,3.493
13259,3.493,3.493
13260,3.493,3.493
13261,3.493,3.493
13262,3.493,3.493
13263,3.493,3.493
13264,3.493,3.493
13265,3.493,3.493
13266,3.493,3.493
13267,3.493,3.493
13268,3.493,3.493
13269,3.493,3.493
13270,3.493,3.493
13271,3.493,3.493
13272,3.493,3.493
13273,3.493,3.493
13274,3.493,3.493
13275,3.493,3.493
13276,3.493,3.493
13277,3.493,3.493
13278,3.493,3.493
13279,3.493,3.493
13280,3.493,3.493
13281,3.493,3.493
13282,3.493,3.493
13283,3.493,3.493
13284,3.493,3.493
13285,3.493,3.493
13286,3.493,3.493
13287,3.493,3.493
13288,3.493,3.493
13289,3.493,3.493
13290,3.493,3.493
13291,3.493,3.493
13292,3.493,3.493
13293,3.493,3.493
13294,3.493,3.493
13295,3.493,3.493
13296,3.493,3.493
13297,3.493,3.493
13298,3.493,3.493
13299,3.493,3.493
13300,3.493,3.493
13301,3.493,3.493
13302,3.493,3.493
13303,3.493,3.493
13304,3.493,3.493
13305,3.493,3.493
13306,3.493,3.493
13307,3.493,3.493
13308,3.493,3.493
13309,3.493,3.493
13310,3.493,3.493
13311,3.493,3.493
13312,3.493,3.493
13313,3.493,3.493
13314,3.493,3.493
13315,3.493,3.493
13316,3.493,3.493
13317,3.493,3.493
13318,3.493,3.493
13319,3.493,3.493
13320,3.493,3.493
13321,3.493,3.493
13322,3.493,3.493
13323,3.493,3.493
13324,3.493,3.493
13325,3.493,3.493
13326,3.493,3.493
13327,3.493,3.493
13328,3.493,3.493
13329,3.493,3.493
13330,3.493,3.493
13331,3.493,3.493
13332,3.493,3.493
13333,3.493,3.493
13334,3.493,3.493
13335,3.493,3.493
13336,3.493,3.493
13337,3.493,3.493
13338,3.493,3.493
13339,3.493,3.493
13340,3.493,3.493
13341,3.493,3.493
13342,3.493,3.493
13343,3.493,3.493
13344,3.493,3.493
13345,3.493,3.493
13346,3.493,3.493
13347,3.493,3.493
13348,3.493,3.493
13349,3.493,3.493
13350,3.493,3.493
13351,3.493,3.493
13352,3.493,3.493
13353,3.493,3.493
13354,3.493,3.493
13355,3.493,3.493
13356,3.493,3.493
13357,3.493,3.493
13358,3.493,3.493
13359,3.493,3.493
13360,3.493,3.493
13361,3.493,3.493
13362,3.493,3.493
13363,3.493,3.493
13364,3.493,3.493
13365,3.493,3.493
13366,3.493,3.493
13367,3.493,3.493
13368,3.493,3.493
13369,3.493,3.493
13370,3.493,3.493
13371,3.493,3.493
13372,3.493,3.493
13373,3.493,3.493
13374,3.493,3.493
13375,3.493,3.493
13376,3.493,3.493
13377,3.493,3.493
13378,3.493,3.493
13379,3.493,3.493
13380,3.493,3.493
13381,3.493,3.493
13382,3.493,3.493
13383,3.493,3.493
13384,3.493,3.493
13385,3.493,3.493
13386,3.493,3.493
13387,3.493,3.493
13388,3.493,3.493
13389,3.493,3.493
13390,3.493,3.493
13391,3.493,3.493
13392,3.493,3.493
13393,3.493,3.493
13394,3.493,3.493
13395,3.493,3.493
13396,3.493,3.493
13397,3.493,3.493
13398,3.493,3.493
13399,3.493,3.493
13400,3.493,3.493
13401,3.493,3.493
13402,3.493,3.493
13403,3.493,3.493
13404,3.493,3.493
13405,3.493,3.493
13406,3.493,3.493
13407,3.493,3.493
13408,3.493,3.493
13409,3.493,3.493
13410,3.493,3.493
13411,3.493,3.493
13412,3.493,3.493
13413,3.493,3.493
13414,3.493,3.493
13415,3.493,3.493
13416,3.493,3.493
13417,3.493,3.493
13418,3.493,3.493
13419,3.493,3.493
13420,3.493,3.493
13421,3.493,3.493
13422,3.493,3.493
13423,3.493,3.493
13424,3.493,3.493
13425,3.493,3.493
13426,3.493,3.493
13427,3.493,3.493
13428,3.493,3.493
13429,3.493,3.493
13430,3.493,3.493
13431,3.493,3.493
13432,3.493,3.493
13433,3.493,3.493
13434,3.493,3.493
13435,3.493,3.493
13436,3.493,3.493
13437,3.493,3.493
13438,3.493,3.493
13439,3.493,3.493
13440,3.493,3.493
13441,3.493,3.493
13442,3.493,3.493
13443,3.493,3.493
13444,3.493,3.493
13445,3.493,3.493
13446,3.493,3.493
13447,3.493,3.493
13448,3.493,3.493
13449,3.493,3.493
13450,3.493,3.493
13451,3.493,3.493
13452,3.493,3.493
13453,3.493,3.493
13454,3.493,3.493
13455,3.493,3.493
13456,3.493,3.493
13457,3.493,3.493
13458,3.493,3.493
13459,3.493,3.493
13460,3.493,3.493
13461,3.493,3.493
13462,3.493,3.493
13463,3.493,3.493
13464,3.493,3.493
13465,3.493,3.493
13466,3.493,3.493
13467,3.493,3.493
13468,3.493,3.493
13469,3.493,3.493
13470,3.493,3.493
13471,3.493,3.493
13472,3.493,3.493
13473,3.493,3.493
13474,3.493,3.493
13475,3.493,3.493
13476,3.493,3.493
13477,3.493,3.493
13478,3.493,3.493
13479,3.493,3.493
13480,3.493,3.493
13481,3.493,3.493
13482,3.493,3.493
13483,3.493,3.493
13484,3.493,3.493
13485,3.493,3.493
13486,3.493,3.493
13487,3.493,3.493
13488,3.493,3.493
13489,3.493,3.493
13490,3.493,3.493
13491,3.493,3.493
13492,3.493,3.493
13493,3.493,3.493
13494,3.493,3.493
13495,3.493,3.493
13496,3.493,3.493
13497,3.493,3.493
13498,3.493,3.493
13499,3.493,3.493
13500,3.493,3.493
13501,3.493,3.493
13502,3.493,3.493
13503,3.493,3.493
13504,3.493,3.493
13505,3.493,3.493
13506,3.493,3.493
13507,3.493,3.493
13508,3.493,3.493
13509,3.493,3.493
13510,3.493,3.493
13511,3.493,3.493
13512,3.493,3.493
13513,3.493,3.493
13514,3.493,3.493
13515,3.493,3.493
13516,3.493,3.493
13517,3.493,3.493
13518,3.493,3.493
13519,3.493,3.493
13520,3.493,3.493
13521,3.493,3.493
13522,3.493,3.493
13523,3.493,3.493
13524,3.493,3.493
13525,3.493,3.493
13526,3.493,3.493
13527,3.493,3.493
13528,3.493,3.493
13529,3.493,3.493
13530,3.493,3.493
13531,3.493,3.493
13532,3.493,3.493
13533,3.493,3.493
13534,3.493,3.493
13535,3.493,3.493
13536,3.493,3.493
13537,3.493,3.493
13538,3.493,3.493
13539,3.493,3.493
13540,3.493,3.493
13541,3.493,3.493
13542,3.493,3.493
13543,3.493,3.493
13544,3.493,3.493
13545,3.493,3.493
13546,3.493,3.493
13547,3.493,3.493
13548,3.493,3.493
13549,3.493,3.493
13550,3.493,3.493
13551,3.493,3.493
13552,3.493,3.493
13553,3.493,3.493
13554,3.493,3.493
13555,3.493,3.493
13556,3.493,3.493
13557,3.493,3.493
13558,3.493,3.493
13559,3.493,3.493
13560,3.493,3.493
13561,3.493,3.493
13562,3.493,3.493
13563,3.493,3.493
13564,3.493,3.493
13565,3.493,3.493
13566,3.493,3.493
13567,3.493,3.493
13568,3.493,3.493
13569,3.493,3.493
13570,3.493,3.493
13571,3.493,3.493
13572,3.493,3.493
13573,3.493,3.493
13574,3.493,3.493
13575,3.493,3.493
13576,3.493,3.493
13577,3.493,3.493
13578,3.493,3.493
13579,3.493,3.493
13580,3.493,3.493
13581,3.493,3.493
13582,3.493,3.493
13583,3.493,3.493
13584,3.493,3.493
13585,3.493,3.493
13586,3.493,3.493
13587,3.493,3.493
13588,3.493,3.493
13589,3.493,3.493
13590,3.493,3.493
13591,3.493,3.493
13592,3.493,3.493
13593,3.493,3.493
13594,3.493,3.493
13595,3.493,3.493
13596,3.493,3.493
13597,3.493,3.493
13598,3.493,3.493
13599,3.493,3.493
13600,3.493,3.493
13601,3.493,3.493
13602,3.493,3.493
13603,3.493,3.493
13604,3.493,3.493
13605,3.493,3.493
13606,3.493,3.493
13607,3.493,3.493
13608,3.493,3.493
13609,3.493,3.493
13610,3.493,3.493
13611,3.493,3.493
13612,3.493,3.493
13613,3.493,3.493
13614,3.493,3.493
13615,3.493,3.493
13616,3.493,3.493
13617,3.493,3.493
13618,3.493,3.493
13619,3.493,3.493
13620,3.493,3.493
13621,3.493,3.493
13622,3.493,3.493
13623,3.493,3.493
13624,3.493,3.493
13625,3.493,3.493
13626,3.493,3.493
13627,3.493,3.493
13628,3.493,3.493
13629,3.493,3.493
13630,3.493,3.493
13631,3.493,3.493
13632,3.493,3.493
13633,3.493,3.493
13634,3.493,3.493
13635,3.493,3.493
13636,3.493,3.493
13637,3.493,3.493
13638,3.493,3.493
13639,3.493,3.493
13640,3.493,3.493
13641,3.493,3.493
13642,3.493,3.493
13643,3.493,3.493
13644,3.493,3.493
13645,3.493,3.493
13646,3.493,3.493
13647,3.493,3.493
13648,3.493,3.493
13649,3.493,3.493
13650,3.493,3.493
13651,3.493,3.493
13652,3.493,3.493
13653,3.493,3.493
13654,3.493,3.493
13655,3.493,3.493
13656,3.493,3.493
13657,3.493,3.493
13658,3.493,3.493
13659,3.493,3.493
13660,3.493,3.493
13661,3.493,3.493
13662,3.493,3.493
13663,3.493,3.493
13664,3.493,3.493
13665,3.493,3.493
13666,3.493,3.493
13667,3.493,3.493
13668,3.493,3.493
13669,3.493,3.493
13670,3.493,3.493
13671,3.493,3.493
13672,3.493,3.493
13673,3.493,3.493
13674,3.493,3.493
13675,3.493,3.493
13676,3.493,3.493
13677,3.493,3.493
13678,3.493,3.493
13679,3.493,3.493
13680,3.493,3.493
13681,3.493,3.493
13682,3.493,3.493
13683,3.493,3.493
13684,3.493,3.493
13685,3.493,3.493
13686,3.493,3.493
13687,3.493,3.493
13688,3.493,3.493
13689,3.493,3.493
13690,3.493,3.493
13691,3.493,3.493
13692,3.493,3.493
13693,3.493,3.493
13694,3.493,3.493
13695,3.493,3.493
13696,3.493,3.493
13697,3.493,3.493
13698,3.493,3.493
13699,3.493,3.493
13700,3.493,3.493
13701,3.493,3.493
13702,3.493,3.493
13703,3.493,3.493
13704,3.493,3.493
13705,3.493,3.493
13706,3.493,3.493
13707,3.493,3.493
13708,3.493,3.493
13709,3.493,3.493
13710,3.493,3.493
13711,3.493,3.493
13712,3.493,3.493
13713,3.493,3.493
13714,3.493,3.493
13715,3.493,3.493
13716,3.493,3.493
13717,3.493,3.493
13718,3.493,3.493
13719,3.493,3.493
13720,3.493,3.493
13721,3.493,3.493
13722,3.493,3.493
13723,3.493,3.493
13724,3.493,3.493
13725,3.493,3.493
13726,3.493,3.493
13727,3.493,3.493
13728,3.493,3.493
13729,3.493,3.493
13730,3.493,3.493
13731,3.493,3.493
13732,3.493,3.493
13733,3.493,3.493
13734,3.493,3.493
13735,3.493,3.493
13736,3.493,3.493
13737,3.493,3.493
13738,3.493,3.493
13739,3.493,3.493
13740,3.493,3.493
13741,3.493,3.493
13742,3.493,3.493
13743,3.493,3.493
13744,3.493,3.493
13745,3.493,3.493
13746,3.493,3.493
13747,3.493,3.493
13748,3.493,3.493
13749,3.493,3.493
13750,3.493,3.493
13751,3.493,3.493
13752,3.493,3.493
13753,3.493,3.493
13754,3.493,3.493
13755,3.493,3.493
13756,3.493,3.493
13757,3.493,3.493
13758,3.493,3.493
13759,3.493,3.493
13760,3.493,3.493
13761,3.493,3.493
13762,3.493,3.493
13763,3.493,3.493
13764,3.493,3.493
13765,3.493,3.493
13766,3.493,3.493
13767,3.493,3.493
13768,3.493,3.493
13769,3.493,3.493
13770,3.493,3.493
13771,3.493,3.493
13772,3.493,3.493
13773,3.493,3.493
13774,3.493,3.493
13775,3.493,3.493
13776,3.493,3.493
13777,3.493,3.493
13778,3.493,3.493
13779,3.493,3.493
13780,3.493,3.493
13781,3.493,3.493
13782,3.493,3.493
13783,3.493,3.493
13784,3.493,3.493
13785,3.493,3.493
13786,3.493,3.493
13787,3.493,3.493
13788,3.493,3.493
13789,3.493,3.493
13790,3.493,3.493
13791,3.493,3.493
13792,3.493,3.493
13793,3.493,3.493
13794,3.493,3.493
13795,3.493,3.493
13796,3.493,3.493
13797,3.493,3.493
13798,3.493,3.493
13799,3.493,3.493
13800,3.493,3.493
13801,3.493,3.493
13802,3.493,3.493
13803,3.493,3.493
13804,3.493,3.493
13805,3.493,3.493
13806,3.493,3.493
13807,3.493,3.493
13808,3.493,3.493
13809,3.493,3.493
13810,3.493,3.493
13811,3.493,3.493
13812,3.493,3.493
13813,3.493,3.493
13814,3.493,3.493
13815,3.493,3.493
13816,3.493,3.493
13817,3.493,3.493
13818,3.493,3.493
13819,3.493,3.493
13820,3.493,3.493
13821,3.493,3.493
13822,3.493,3.493
13823,3.493,3.493
13824,3.493,3.493
13825,3.493,3.493
13826,3.493,3.493
13827,3.493,3.493
13828,3.493,3.493
13829,3.493,3.493
13830,3.493,3.493
13831,3.493,3.493
13832,3.493,3.493
13833,3.493,3.493
13834,3.493,3.493
13835,3.493,3.493
13836,3.493,3.493
13837,3.493,3.493
13838,3.493,3.493
13839,3.493,3.493
13840,3.493,3.493
13841,3.493,3.493
13842,3.493,3.493
13843,3.493,3.493
13844,3.493,3.493
13845,3.493,3.493
13846,3.493,3.493
13847,3.493,3.493
13848,3.493,3.493
13849,3.493,3.493
13850,3.493,3.493
13851,3.493,3.493
13852,3.493,3.493
13853,3.493,3.493
13854,3.493,3.493
13855,3.493,3.493
13856,3.493,3.493
13857,3.493,3.493
13858,3.493,3.493
13859,3.493,3.493
13860,3.493,3.493
13861,3.493,3.493
13862,3.493,3.493
13863,3.493,3.493
13864,3.493,3.493
13865,3.493,3.493
13866,3.493,3.493
13867,3.493,3.493
13868,3.493,3.493
13869,3.493,3.493
13870,3.493,3.493
13871,3.493,3.493
13872,3.493,3.493
13873,3.493,3.493
13874,3.493,3.493
13875,3.493,3.493
13876,3.493,3.493
13877,3.493,3.493
13878,3.493,3.493
13879,3.493,3.493
13880,3.493,3.493
13881,3.493,3.493
13882,3.493,3.493
13883,3.493,3.493
13884,3.493,3.493
13885,3.493,3.493
13886,3.493,3.493
13887,3.493,3.493
13888,3.493,3.493
13889,3.493,3.493
13890,3.493,3.493
13891,3.493,3.493
13892,3.493,3.493
13893,3.493,3.493
13894,3.493,3.493
13895,3.493,3.493
13896,3.493,3.493
13897,3.493,3.493
13898,3.493,3.493
13899,3.493,3.493
13900,3.493,3.493
13901,3.493,3.493
13902,3.493,3.493
13903,3.493,3.493
13904,3.493,3.493
13905,3.493,3.493
13906,3.493,3.493
13907,3.493,3.493
13908,3.493,3.493
13909,3.493,3.493
13910,3.493,3.493
13911,3.493,3.493
13912,3.493,3.493
13913,3.493,3.493
13914,3.493,3.493
13915,3.493,3.493
13916,3.493,3.493
13917,3.493,3.493
13918,3.493,3.493
13919,3.493,3.493
13920,3.493,3.493
13921,3.493,3.493
13922,3.493,3.493
13923,3.493,3.493
13924,3.493,3.493
13925,3.493,3.493
13926,3.493,3.493
13927,3.493,3.493
13928,3.493,3.493
13929,3.493,3.493
13930,3.493,3.493
13931,3.493,3.493
13932,3.493,3.493
13933,3.493,3.493
13934,3.493,3.493
13935,3.493,3.493
13936,3.493,3.493
13937,3.493,3.493
13938,3.493,3.493
13939,3.493,3.493
13940,3.493,3.493
13941,3.493,3.493
13942,3.493,3.493
13943,3.493,3.493
13944,3.493,3.493
13945,3.493,3.493
13946,3.493,3.493
13947,3.493,3.493
13948,3.493,3.493
13949,3.493,3.493
13950,3.493,3.493
13951,3.493,3.493
13952,3.493,3.493
13953,3.493,3.493
13954,3.493,3.493
13955,3.493,3.493
13956,3.493,3.493
13957,3.493,3.493
13958,3.493,3.493
13959,3.493,3.493
13960,3.493,3.493
13961,3.493,3.493
13962,3.493,3.493
13963,3.493,3.493
13964,3.493,3.493
13965,3.493,3.493
13966,3.493,3.493
13967,3.493,3.493
13968,3.493,3.493
13969,3.493,3.493
13970,3.493,3.493
13971,3.493,3.493
13972,3.493,3.493
13973,3.493,3.493
13974,3.493,3.493
13975,3.493,3.493
13976,3.493,3.493
13977,3.493,3.493
13978,3.493,3.493
13979,3.493,3.493
13980,3.493,3.493
13981,3.493,3.493
13982,3.493,3.493
13983,3.493,3.493
13984,3.493,3.493
13985,3.493,3.493
13986,3.493,3.493
13987,3.493,3.493
13988,3.493,3.493
13989,3.493,3.493
13990,3.493,3.493
13991,3.493,3.493
13992,3.493,3.493
13993,3.493,3.493
13994,3.493,3.493
13995,3.493,3.493
13996,3.493,3.493
13997,3.493,3.493
13998,3.493,3.493
13999,3.493,3.493
14000,3.493,3.493
14001,3.493,3.493
14002,3.493,3.493
14003,3.493,3.493
14004,3.493,3.493
14005,3.493,3.493
14006,3.493,3.493
14007,3.493,3.493
14008,3.493,3.493
14009,3.493,3.493
14010,3.493,3.493
14011,3.493,3.493
14012,3.493,3.493
14013,3.493,3.493
14014,3.493,3.493
14015,3.493,3.493
14016,3.493,3.493
14017,3.493,3.493
14018,3.493,3.493
14019,3.493,3.493
14020,3.493,3.493
14021,3.493,3.493
14022,3.493,3.493
14023,3.493,3.493
14024,3.493,3.493
14025,3.493,3.493
14026,3.493,3.493
14027,3.493,3.493
14028,3.493,3.493
14029,3.493,3.493
14030,3.493,3.493
14031,3.493,3.493
14032,3.493,3.493
14033,3.493,3.493
14034,3.493,3.493
14035,3.493,3.493
14036,3.493,3.493
14037,3.493,3.493
14038,3.493,3.493
14039,3.493,3.493
14040,3.493,3.493
14041,3.493,3.493
14042,3.493,3.493
14043,3.493,3.493
14044,3.493,3.493
14045,3.493,3.493
14046,3.493,3.493
14047,3.493,3.493
14048,3.493,3.493
14049,3.493,3.493
14050,3.493,3.493
14051,3.493,3.493
14052,3.493,3.493
14053,3.493,3.493
14054,3.493,3.493
14055,3.493,3.493
14056,3.493,3.493
14057,3.493,3.493
14058,3.493,3.493
14059,3.493,3.493
14060,3.493,3.493
14061,3.493,3.493
14062,3.493,3.493
14063,3.493,3.493
14064,3.493,3.493
14065,3.493,3.493
14066,3.493,3.493
14067,3.493,3.493
14068,3.493,3.493
14069,3.493,3.493
14070,3.493,3.493
14071,3.493,3.493
14072,3.493,3.493
14073,3.493,3.493
14074,3.493,3.493
14075,3.493,3.493
14076,3.493,3.493
14077,3.493,3.493
14078,3.493,3.493
14079,3.493,3.493
14080,3.493,3.493
14081,3.493,3.493
14082,3.493,3.493
14083,3.493,3.493
14084,3.493,3.493
14085,3.493,3.493
14086,3.493,3.493
14087,3.493,3.493
14088,3.493,3.493
14089,3.493,3.493
14090,3.493,3.493
14091,3.493,3.493
14092,3.493,3.493
14093,3.493,3.493
14094,3.493,3.493
14095,3.493,3.493
14096,3.493,3.493
14097,3.493,3.493
14098,3.493,3.493
14099,3.493,3.493
14100,3.493,3.493
14101,3.493,3.493
14102,3.493,3.493
14103,3.493,3.493
14104,3.493,3.493
14105,3.493,3.493
14106,3.493,3.493
14107,3.493,3.493
14108,3.493,3.493
14109,3.493,3.493
14110,3.493,3.493
14111,3.493,3.493
14112,3.493,3.493
14113,3.493,3.493
14114,3.493,3.493
14115,3.493,3.493
14116,3.493,3.493
14117,3.493,3.493
14118,3.493,3.493
14119,3.493,3.493
14120,3.493,3.493
14121,3.493,3.493
14122,3.493,3.493
14123,3.493,3.493
14124,3.493,3.493
14125,3.493,3.493
14126,3.493,3.493
14127,3.493,3.493
14128,3.493,3.493
14129,3.493,3.493
14130,3.493,3.493
14131,3.493,3.493
14132,3.493,3.493
14133,3.493,3.493
14134,3.493,3.493
14135,3.493,3.493
14136,3.493,3.493
14137,3.493,3.493
14138,3.493,3.493
14139,3.493,3.493
14140,3.493,3.493
14141,3.493,3.493
14142,3.493,3.493
14143,3.493,3.493
14144,3.493,3.493
14145,3.493,3.493
14146,3.493,3.493
14147,3.493,3.493
14148,3.493,3.493
14149,3.493,3.493
14150,3.493,3.493
14151,3.493,3.493
14152,3.493,3.493
14153,3.493,3.493
14154,3.493,3.493
14155,3.493,3.493
14156,3.493,3.493
14157,3.493,3.493
14158,3.493,3.493
14159,3.493,3.493
14160,3.493,3.493
14161,3.493,3.493
14162,3.493,3.493
14163,3.493,3.493
14164,3.493,3.493
14165,3.493,3.493
14166,3.493,3.493
14167,3.493,3.493
14168,3.493,3.493
14169,3.493,3.493
14170,3.493,3.493
14171,3.493,3.493
14172,3.493,3.493
14173,3.493,3.493
14174,3.493,3.493
14175,3.493,3.493
14176,3.493,3.493
14177,3.493,3.493
14178,3.493,3.493
14179,3.493,3.493
14180,3.493,3.493
14181,3.493,3.493
14182,3.493,3.493
14183,3.493,3.493
14184,3.493,3.493
14185,3.493,3.493
14186,3.493,3.493
14187,3.493,3.493
14188,3.493,3.493
14189,3.493,3.493
14190,3.493,3.493
14191,3.493,3.493
14192,3.493,3.493
14193,3.493,3.493
14194,3.493,3.493
14195,3.493,3.493
14196,3.493,3.493
14197,3.493,3.493
14198,3.493,3.493
14199,3.493,3.493
14200,3.493,3.493
14201,3.493,3.493
14202,3.493,3.493
14203,3.493,3.493
14204,3.493,3.493
14205,3.493,3.493
14206,3.493,3.493
14207,3.493,3.493
14208,3.493,3.493
14209,3.493,3.493
14210,3.493,3.493
14211,3.493,3.493
14212,3.493,3.493
14213,3.493,3.493
14214,3.493,3.493
14215,3.493,3.493
14216,3.493,3.493
14217,3.493,3.493
14218,3.493,3.493
14219,3.493,3.493
14220,3.493,3.493
14221,3.493,3.493
14222,3.493,3.493
14223,3.493,3.493
14224,3.493,3.493
14225,3.493,3.493
14226,3.493,3.493
14227,3.493,3.493
14228,3.493,3.493
14229,3.493,3.493
14230,3.493,3.493
14231,3.493,3.493
14232,3.493,3.493
14233,3.493,3.493
14234,3.493,3.493
14235,3.493,3.493
14236,3.493,3.493
14237,3.493,3.493
14238,3.493,3.493
14239,3.493,3.493
14240,3.493,3.493
14241,3.493,3.493
14242,3.493,3.493
14243,3.493,3.493
14244,3.493,3.493
14245,3.493,3.493
14246,3.493,3.493
14247,3.493,3.493
14248,3.493,3.493
14249,3.493,3.493
14250,3.493,3.493
14251,3.493,3.493
14252,3.493,3.493
14253,3.493,3.493
14254,3.493,3.493
14255,3.493,3.493
14256,3.493,3.493
14257,3.493,3.493
14258,3.493,3.493
14259,3.493,3.493
14260,3.493,3.493
14261,3.493,3.493
14262,3.493,3.493
14263,3.493,3.493
14264,3.493,3.493
14265,3.493,3.493
14266,3.493,3.493
14267,3.493,3.493
14268,3.493,3.493
14269,3.493,3.493
14270,3.493,3.493
14271,3.493,3.493
14272,3.493,3.493
14273,3.493,3.493
14274,3.493,3.493
14275,3.493,3.493
14276,3.493,3.493
14277,3.493,3.493
14278,3.493,3.493
14279,3.493,3.493
14280,3.493,3.493
14281,3.493,3.493
14282,3.493,3.493
14283,3.493,3.493
14284,3.493,3.493
14285,3.493,3.493
14286,3.493,3.493
14287,3.493,3.493
14288,3.493,3.493
14289,3.493,3.493
14290,3.493,3.493
14291,3.493,3.493
14292,3.493,3.493
14293,3.493,3.493
14294,3.493,3.493
14295,3.493,3.493
14296,3.493,3.493
14297,3.493,3.493
14298,3.493,3.493
14299,3.493,3.493
14300,3.493,3.493
14301,3.493,3.493
14302,3.493,3.493
14303,3.493,3.493
14304,3.493,3.493
14305,3.493,3.493
14306,3.493,3.493
14307,3.493,3.493
14308,3.493,3.493
14309,3.493,3.493
14310,3.493,3.493
14311,3.493,3.493
14312,3.493,3.493
14313,3.493,3.493
14314,3.493,3.493
14315,3.493,3.493
14316,3.493,3.493
14317,3.493,3.493
14318,3.493,3.493
14319,3.493,3.493
14320,3.493,3.493
14321,3.493,3.493
14322,3.493,3.493
14323,3.493,3.493
14324,3.493,3.493
14325,3.493,3.493
14326,3.493,3.493
14327,3.493,3.493
14328,3.493,3.493
14329,3.493,3.493
14330,3.493,3.493
14331,3.493,3.493
14332,3.493,3.493
14333,3.493,3.493
14334,3.493,3.493
14335,3.493,3.493
14336,3.493,3.493
14337,3.493,3.493
14338,3.493,3.493
14339,3.493,3.493
14340,3.493,3.493
14341,3.493,3.493
14342,3.493,3.493
14343,3.493,3.493
14344,3.493,3.493
14345,3.493,3.493
14346,3.493,3.493
14347,3.493,3.493
14348,3.493,3.493
14349,3.493,3.493
14350,3.493,3.493
14351,3.493,3.493
14352,3.493,3.493
14353,3.493,3.493
14354,3.493,3.493
14355,3.493,3.493
14356,3.493,3.493
14357,3.493,3.493
14358,3.493,3.493
14359,3.493,3.493
14360,3.493,3.493
14361,3.493,3.493
14362,3.493,3.493
14363,3.493,3.493
14364,3.493,3.493
14365,3.493,3.493
14366,3.493,3.493
14367,3.493,3.493
14368,3.493,3.493
14369,3.493,3.493
14370,3.493,3.493
14371,3.493,3.493
14372,3.493,3.493
14373,3.493,3.493
14374,3.493,3.493
14375,3.493,3.493
14376,3.493,3.493
14377,3.493,3.493
14378,3.493,3.493
14379,3.493,3.493
14380,3.493,3.493
14381,3.493,3.493
14382,3.493,3.493
14383,3.493,3.493
14384,3.493,3.493
14385,3.493,3.493
14386,3.493,3.493
14387,3.493,3.493
14388,3.493,3.493
14389,3.493,3.493
14390,3.493,3.493
14391,3.493,3.493
14392,3.493,3.493
14393,3.493,3.493
14394,3.493,3.493
14395,3.493,3.493
14396,3.493,3.493
14397,3.493,3.493
14398,3.493,3.493
14399,3.493,3.493
14400,3.493,3.493
14401,3.493,3.493
14402,3.493,3.493
14403,3.493,3.493
14404,3.493,3.493
14405,3.493,3.493
14406,3.493,3.493
14407,3.493,3.493
14408,3.493,3.493
14409,3.493,3.493
14410,3.493,3.493
14411,3.493,3.493
14412,3.493,3.493
14413,3.493,3.493
14414,3.493,3.493
14415,3.493,3.493
14416,3.493,3.493
14417,3.493,3.493
14418,3.493,3.493
14419,3.493,3.493
14420,3.493,3.493
14421,3.493,3.493
14422,3.493,3.493
14423,3.493,3.493
14424,3.493,3.493
14425,3.493,3.493
14426,3.493,3.493
14427,3.493,3.493
14428,3.493,3.493
14429,3.493,3.493
14430,3.493,3.493
14431,3.493,3.493
14432,3.493,3.493
14433,3.493,3.493
14434,3.493,3.493
14435,3.493,3.493
14436,3.493,3.493
14437,3.493,3.493
14438,3.493,3.493
14439,3.493,3.493
14440,3.493,3.493
14441,3.493,3.493
14442,3.493,3.493
14443,3.493,3.493
14444,3.493,3.493
14445,3.493,3.493
14446,3.493,3.493
14447,3.493,3.493
14448,3.493,3.493
14449,3.493,3.493
14450,3.493,3.493
14451,3.493,3.493
14452,3.493,3.493
14453,3.493,3.493
14454,3.493,3.493
14455,3.493,3.493
14456,3.493,3.493
14457,3.493,3.493
14458,3.493,3.493
14459,3.493,3.493
14460,3.493,3.493
14461,3.493,3.493
14462,3.493,3.493
14463,3.493,3.493
14464,3.493,3.493
14465,3.493,3.493
14466,3.493,3.493
14467,3.493,3.493
14468,3.493,3.493
14469,3.493,3.493
14470,3.493,3.493
14471,3.493,3.493
14472,3.493,3.493
14473,3.493,3.493
14474,3.493,3.493
14475,3.493,3.493
14476,3.493,3.493
14477,3.493,3.493
14478,3.493,3.493
14479,3.493,3.493
14480,3.493,3.493
14481,3.493,3.493
14482,3.493,3.493
14483,3.493,3.493
14484,3.493,3.493
14485,3.493,3.493
14486,3.493,3.493
14487,3.493,3.493
14488,3.493,3.493
14489,3.493,3.493
14490,3.493,3.493
14491,3.493,3.493
14492,3.493,3.493
14493,3.493,3.493
14494,3.493,3.493
14495,3.493,3.493
14496,3.493,3.493
14497,3.493,3.493
14498,3.493,3.493
14499,3.493,3.493
14500,3.493,3.493
14501,3.493,3.493
14502,3.493,3.493
14503,3.493,3.493
14504,3.493,3.493
14505,3.493,3.493
14506,3.493,3.493
14507,3.493,3.493
14508,3.493,3.493
14509,3.493,3.493
14510,3.493,3.493
14511,3.493,3.493
14512,3.493,3.493
14513,3.493,3.493
14514,3.493,3.493
14515,3.493,3.493
14516,3.493,3.493
14517,3.493,3.493
14518,3.493,3.493
14519,3.493,3.493
14520,3.493,3.493
14521,3.493,3.493
14522,3.493,3.493
14523,3.493,3.493
14524,3.493,3.493
14525,3.493,3.493
14526,3.493,3.493
14527,3.493,3.493
14528,3.493,3.493
14529,3.493,3.493
14530,3.493,3.493
14531,3.493,3.493
14532,3.493,3.493
14533,3.493,3.493
14534,3.493,3.493
14535,3.493,3.493
14536,3.493,3.493
14537,3.493,3.493
14538,3.493,3.493
14539,3.493,3.493
14540,3.493,3.493
14541,3.493,3.493
14542,3.493,3.493
14543,3.493,3.493
14544,3.493,3.493
14545,3.493,3.493
14546,3.493,3.493
14547,3.493,3.493
14548,3.493,3.493
14549,3.493,3.493
14550,3.493,3.493
14551,3.493,3.493
14552,3.493,3.493
14553,3.493,3.493
14554,3.493,3.493
14555,3.493,3.493
14556,3.493,3.493
14557,3.493,3.493
14558,3.493,3.493
14559,3.493,3.493
14560,3.493,3.493
14561,3.493,3.493
14562,3.493,3.493
14563,3.493,3.493
14564,3.493,3.493
14565,3.493,3.493
14566,3.493,3.493
14567,3.493,3.493
14568,3.493,3.493
14569,3.493,3.493
14570,3.493,3.493
14571,3.493,3.493
14572,3.493,3.493
14573,3.493,3.493
14574,3.493,3.493
14575,3.493,3.493
14576,3.493,3.493
14577,3.493,3.493
14578,3.493,3.493
14579,3.493,3.493
14580,3.493,3.493
14581,3.493,3.493
14582,3.493,3.493
14583,3.493,3.493
14584,3.493,3.493
14585,3.493,3.493
14586,3.493,3.493
14587,3.493,3.493
14588,3.493,3.493
14589,3.493,3.493
14590,3.493,3.493
14591,3.493,3.493
14592,3.493,3.493
14593,3.493,3.493
14594,3.493,3.493
14595,3.493,3.493
14596,3.493,3.493
14597,3.493,3.493
14598,3.493,3.493
14599,3.493,3.493
14600,3.493,3.493
14601,3.493,3.493
14602,3.493,3.493
14603,3.493,3.493
14604,3.493,3.493
14605,3.493,3.493
14606,3.493,3.493
14607,3.493,3.493
14608,3.493,3.493
14609,3.493,3.493
14610,3.493,3.493
14611,3.493,3.493
14612,3.493,3.493
14613,3.493,3.493
14614,3.493,3.493
14615,3.493,3.493
14616,3.493,3.493
14617,3.493,3.493
14618,3.493,3.493
14619,3.493,3.493
14620,3.493,3.493
14621,3.493,3.493
14622,3.493,3.493
14623,3.493,3.493
14624,3.493,3.493
14625,3.493,3.493
14626,3.493,3.493
14627,3.493,3.493
14628,3.493,3.493
14629,3.493,3.493
14630,3.493,3.493
14631,3.493,3.493
14632,3.493,3.493
14633,3.493,3.493
14634,3.493,3.493
14635,3.493,3.493
14636,3.493,3.493
14637,3.493,3.493
14638,3.493,3.493
14639,3.493,3.493
14640,3.493,3.493
14641,3.493,3.493
14642,3.493,3.493
14643,3.493,3.493
14644,3.493,3.493
14645,3.493,3.493
14646,3.493,3.493
14647,3.493,3.493
14648,3.493,3.493
14649,3.493,3.493
14650,3.493,3.493
14651,3.493,3.493
14652,3.493,3.493
14653,3.493,3.493
14654,3.493,3.493
14655,3.493,3.493
14656,3.493,3.493
14657,3.493,3.493
14658,3.493,3.493
14659,3.493,3.493
14660,3.493,3.493
14661,3.493,3.493
14662,3.493,3.493
14663,3.493,3.493
14664,3.493,3.493
14665,3.493,3.493
14666,3.493,3.493
14667,3.493,3.493
14668,3.493,3.493
14669,3.493,3.493
14670,3.493,3.493
14671,3.493,3.493
14672,3.493,3.493
14673,3.493,3.493
14674,3.493,3.493
14675,3.493,3.493
14676,3.493,3.493
14677,3.493,3.493
14678,3.493,3.493
14679,3.493,3.493
14680,3.493,3.493
14681,3.493,3.493
14682,3.493,3.493
14683,3.493,3.493
14684,3.493,3.493
14685,3.493,3.493
14686,3.493,3.493
14687,3.493,3.493
14688,3.493,3.493
14689,3.493,3.493
14690,3.493,3.493
14691,3.493,3.493
14692,3.493,3.493
14693,3.493,3.493
14694,3.493,3.493
14695,3.493,3.493
14696,3.493,3.493
14697,3.493,3.493
14698,3.493,3.493
14699,3.493,3.493
14700,3.493,3.493
14701,3.493,3.493
14702,3.493,3.493
14703,3.493,3.493
14704,3.493,3.493
14705,3.493,3.493
14706,3.493,3.493
14707,3.493,3.493
14708,3.493,3.493
14709,3.493,3.493
14710,3.493,3.493
14711,3.493,3.493
14712,3.493,3.493
14713,3.493,3.493
14714,3.493,3.493
14715,3.493,3.493
14716,3.493,3.493
14717,3.493,3.493
14718,3.493,3.493
14719,3.493,3.493
14720,3.493,3.493
14721,3.493,3.493
14722,3.493,3.493
14723,3.493,3.493
14724,3.493,3.493
14725,3.493,3.493
14726,3.493,3.493
14727,3.493,3.493
14728,3.493,3.493
14729,3.493,3.493
14730,3.493,3.493
14731,3.493,3.493
14732,3.493,3.493
14733,3.493,3.493
14734,3.493,3.493
14735,3.493,3.493
14736,3.493,3.493
14737,3.493,3.493
14738,3.493,3.493
14739,3.493,3.493
14740,3.493,3.493
14741,3.493,3.493
14742,3.493,3.493
14743,3.493,3.493
14744,3.493,3.493
14745,3.493,3.493
14746,3.493,3.493
14747,3.493,3.493
14748,3.493,3.493
14749,3.493,3.493
14750,3.493,3.493
14751,3.493,3.493
14752,3.493,3.493
14753,3.493,3.493
14754,3.493,3.493
14755,3.493,3.493
14756,3.493,3.493
14757,3.493,3.493
14758,3.493,3.493
14759,3.493,3.493
14760,3.493,3.493
14761,3.493,3.493
14762,3.493,3.493
14763,3.493,3.493
14764,3.493,3.493
14765,3.493,3.493
14766,3.493,3.493
14767,3.493,3.493
14768,3.493,3.493
14769,3.493,3.493
14770,3.493,3.493
14771,3.493,3.493
14772,3.493,3.493
14773,3.493,3.493
14774,3.493,3.493
14775,3.493,3.493
14776,3.493,3.493
14777,3.493,3.493
14778,3.493,3.493
14779,3.493,3.493
14780,3.493,3.493
14781,3.493,3.493
14782,3.493,3.493
14783,3.493,3.493
14784,3.493,3.493
14785,3.493,3.493
14786,3.493,3.493
14787,3.493,3.493
14788,3.493,3.493
14789,3.493,3.493
14790,3.493,3.493
14791,3.493,3.493
14792,3.493,3.493
14793,3.493,3.493
14794,3.493,3.493
14795,3.493,3.493
14796,3.493,3.493
14797,3.493,3.493
14798,3.493,3.493
14799,3.493,3.493
14800,3.493,3.493
14801,3.493,3.493
14802,3.493,3.493
14803,3.493,3.493
14804,3.493,3.493
14805,3.493,3.493
14806,3.493,3.493
14807,3.493,3.493
14808,3.493,3.493
14809,3.493,3.493
14810,3.493,3.493
14811,3.493,3.493
14812,3.493,3.493
14813,3.493,3.493
14814,3.493,3.493
14815,3.493,3.493
14816,3.493,3.493
14817,3.493,3.493
14818,3.493,3.493
14819,3.493,3.493
14820,3.493,3.493
14821,3.493,3.493
14822,3.493,3.493
14823,3.493,3.493
14824,3.493,3.493
14825,3.493,3.493
14826,3.493,3.493
14827,3.493,3.493
14828,3.493,3.493
14829,3.493,3.493
14830,3.493,3.493
14831,3.493,3.493
14832,3.493,3.493
14833,3.493,3.493
14834,3.493,3.493
14835,3.493,3.493
14836,3.493,3.493
14837,3.493,3.493
14838,3.493,3.493
14839,3.493,3.493
14840,3.493,3.493
14841,3.493,3.493
14842,3.493,3.493
14843,3.493,3.493
14844,3.493,3.493
14845,3.493,3.493
14846,3.493,3.493
14847,3.493,3.493
14848,3.493,3.493
14849,3.493,3.493
14850,3.493,3.493
14851,3.493,3.493
14852,3.493,3.493
14853,3.493,3.493
14854,3.493,3.493
14855,3.493,3.493
14856,3.493,3.493
14857,3.493,3.493
14858,3.493,3.493
14859,3.493,3.493
14860,3.493,3.493
14861,3.493,3.493
14862,3.493,3.493
14863,3.493,3.493
14864,3.493,3.493
14865,3.493,3.493
14866,3.493,3.493
14867,3.493,3.493
14868,3.493,3.493
14869,3.493,3.493
14870,3.493,3.493
14871,3.493,3.493
14872,3.493,3.493
14873,3.493,3.493
14874,3.493,3.493
14875,3.493,3.493
14876,3.493,3.493
14877,3.493,3.493
14878,3.493,3.493
14879,3.493,3.493
14880,3.493,3.493
14881,3.493,3.493
14882,3.493,3.493
14883,3.493,3.493
14884,3.493,3.493
14885,3.493,3.493
14886,3.493,3.493
14887,3.493,3.493
14888,3.493,3.493
14889,3.493,3.493
14890,3.493,3.493
14891,3.493,3.493
14892,3.493,3.493
14893,3.493,3.493
14894,3.493,3.493
14895,3.493,3.493
14896,3.493,3.493
14897,3.493,3.493
14898,3.493,3.493
14899,3.493,3.493
14900,3.493,3.493
14901,3.493,3.493
14902,3.493,3.493
14903,3.493,3.493
14904,3.493,3.493
14905,3.493,3.493
14906,3.493,3.493
14907,3.493,3.493
14908,3.493,3.493
14909,3.493,3.493
14910,3.493,3.493
14911,3.493,3.493
14912,3.493,3.493
14913,3.493,3.493
14914,3.493,3.493
14915,3.493,3.493
14916,3.493,3.493
14917,3.493,3.493
14918,3.493,3.493
14919,3.493,3.493
14920,3.493,3.493
14921,3.493,3.493
14922,3.493,3.493
14923,3.493,3.493
14924,3.493,3.493
14925,3.493,3.493
14926,3.493,3.493
14927,3.493,3.493
14928,3.493,3.493
14929,3.493,3.493
14930,3.493,3.493
14931,3.493,3.493
14932,3.493,3.493
14933,3.493,3.493
14934,3.493,3.493
14935,3.493,3.493
14936,3.493,3.493
14937,3.493,3.493
14938,3.493,3.493
14939,3.493,3.493
14940,3.493,3.493
14941,3.493,3.493
14942,3.493,3.493
14943,3.493,3.493
14944,3.493,3.493
14945,3.493,3.493
14946,3.493,3.493
14947,3.493,3.493
14948,3.493,3.493
14949,3.493,3.493
14950,3.493,3.493
14951,3.493,3.493
14952,3.493,3.493
14953,3.493,3.493
14954,3.493,3.493
14955,3.493,3.493
14956,3.493,3.493
14957,3.493,3.493
14958,3.493,3.493
14959,3.493,3.493
14960,3.493,3.493
14961,3.493,3.493
14962,3.493,3.493
14963,3.493,3.493
14964,3.493,3.493
14965,3.493,3.493
14966,3.493,3.493
14967,3.493,3.493
14968,3.493,3.493
14969,3.493,3.493
14970,3.493,3.493
14971,3.493,3.493
14972,3.493,3.493
14973,3.493,3.493
14974,3.493,3.493
14975,3.493,3.493
14976,3.493,3.493
14977,3.493,3.493
14978,3.493,3.493
14979,3.493,3.493
14980,3.493,3.493
14981,3.493,3.493
14982,3.493,3.493
14983,3.493,3.493
14984,3.493,3.493
14985,3.493,3.493
14986,3.493,3.493
14987,3.493,3.493
14988,3.493,3.493
14989,3.493,3.493
14990,3.493,3.493
14991,3.493,3.493
14992,3.493,3.493
14993,3.493,3.493
14994,3.493,3.493
14995,3.493,3.493
14996,3.493,3.493
14997,3.493,3.493
14998,3.493,3.493
14999,3.493,3.493
15000,3.493,3.493
15001,3.493,3.493
15002,3.493,3.493
15003,3.493,3.493
15004,3.493,3.493
15005,3.493,3.493
15006,3.493,3.493
15007,3.493,3.493
15008,3.493,3.493
15009,3.493,3.493
15010,3.493,3.493
15011,3.493,3.493
15012,3.493,3.493
15013,3.493,3.493
15014,3.493,3.493
15015,3.493,3.493
15016,3.493,3.493
15017,3.493,3.493
15018,3.493,3.493
15019,3.493,3.493
15020,3.493,3.493
15021,3.493,3.493
15022,3.493,3.493
15023,3.493,3.493
15024,3.493,3.493
15025,3.493,3.493
15026,3.493,3.493
15027,3.493,3.493
15028,3.493,3.493
15029,3.493,3.493
15030,3.493,3.493
15031,3.493,3.493
15032,3.493,3.493
15033,3.493,3.493
15034,3.493,3.493
15035,3.493,3.493
15036,3.493,3.493
15037,3.493,3.493
15038,3.493,3.493
15039,3.493,3.493
15040,3.493,3.493
15041,3.493,3.493
15042,3.493,3.493
15043,3.493,3.493
15044,3.493,3.493
15045,3.493,3.493
15046,3.493,3.493
15047,3.493,3.493
15048,3.493,3.493
15049,3.493,3.493
15050,3.493,3.493
15051,3.493,3.493
15052,3.493,3.493
15053,3.493,3.493
15054,3.493,3.493
15055,3.493,3.493
15056,3.493,3.493
15057,3.493,3.493
15058,3.493,3.493
15059,3.493,3.493
15060,3.493,3.493
15061,3.493,3.493
15062,3.493,3.493
15063,3.493,3.493
15064,3.493,3.493
15065,3.493,3.493
15066,3.493,3.493
15067,3.493,3.493
15068,3.493,3.493
15069,3.493,3.493
15070,3.493,3.493
15071,3.493,3.493
15072,3.493,3.493
15073,3.493,3.493
15074,3.493,3.493
15075,3.493,3.493
15076,3.493,3.493
15077,3.493,3.493
15078,3.493,3.493
15079,3.493,3.493
15080,3.493,3.493
15081,3.493,3.493
15082,3.493,3.493
15083,3.493,3.493
15084,3.493,3.493
15085,3.493,3.493
15086,3.493,3.493
15087,3.493,3.493
15088,3.493,3.493
15089,3.493,3.493
15090,3.493,3.493
15091,3.493,3.493
15092,3.493,3.493
15093,3.493,3.493
15094,3.493,3.493
15095,3.493,3.493
15096,3.493,3.493
15097,3.493,3.493
15098,3.493,3.493
15099,3.493,3.493
15100,3.493,3.493
15101,3.493,3.493
15102,3.493,3.493
15103,3.493,3.493
15104,3.493,3.493
15105,3.493,3.493
15106,3.493,3.493
15107,3.493,3.493
15108,3.493,3.493
15109,3.493,3.493
15110,3.493,3.493
15111,3.493,3.493
15112,3.493,3.493
15113,3.493,3.493
15114,3.493,3.493
15115,3.493,3.493
15116,3.493,3.493
15117,3.493,3.493
15118,3.493,3.493
15119,3.493,3.493
15120,3.493,3.493
15121,3.493,3.493
15122,3.493,3.493
15123,3.493,3.493
15124,3.493,3.493
15125,3.493,3.493
15126,3.493,3.493
15127,3.493,3.493
15128,3.493,3.493
15129,3.493,3.493
15130,3.493,3.493
15131,3.493,3.493
15132,3.493,3.493
15133,3.493,3.493
15134,3.493,3.493
15135,3.493,3.493
15136,3.493,3.493
15137,3.493,3.493
15138,3.493,3.493
15139,3.493,3.493
15140,3.493,3.493
15141,3.493,3.493
15142,3.493,3.493
15143,3.493,3.493
15144,3.493,3.493
15145,3.493,3.493
15146,3.493,3.493
15147,3.493,3.493
15148,3.493,3.493
15149,3.493,3.493
15150,3.493,3.493
15151,3.493,3.493
15152,3.493,3.493
15153,3.493,3.493
15154,3.493,3.493
15155,3.493,3.493
15156,3.493,3.493
15157,3.493,3.493
15158,3.493,3.493
15159,3.493,3.493
15160,3.493,3.493
15161,3.493,3.493
15162,3.493,3.493
15163,3.493,3.493
15164,3.493,3.493
15165,3.493,3.493
15166,3.493,3.493
15167,3.493,3.493
15168,3.493,3.493
15169,3.493,3.493
15170,3.493,3.493
15171,3.493,3.493
15172,3.493,3.493
15173,3.493,3.493
15174,3.493,3.493
15175,3.493,3.493
15176,3.493,3.493
15177,3.493,3.493
15178,3.493,3.493
15179,3.493,3.493
15180,3.493,3.493
15181,3.493,3.493
15182,3.493,3.493
15183,3.493,3.493
15184,3.493,3.493
15185,3.493,3.493
15186,3.493,3.493
15187,3.493,3.493
15188,3.493,3.493
15189,3.493,3.493
15190,3.493,3.493
15191,3.493,3.493
15192,3.493,3.493
15193,3.493,3.493
15194,3.493,3.493
15195,3.493,3.493
15196,3.493,3.493
15197,3.493,3.493
15198,3.493,3.493
15199,3.493,3.493
15200,3.493,3.493
15201,3.493,3.493
15202,3.493,3.493
15203,3.493,3.493
15204,3.493,3.493
15205,3.493,3.493
15206,3.493,3.493
15207,3.493,3.493
15208,3.493,3.493
15209,3.493,3.493
15210,3.493,3.493
15211,3.493,3.493
15212,3.493,3.493
15213,3.493,3.493
15214,3.493,3.493
15215,3.493,3.493
15216,3.493,3.493
15217,3.493,3.493
15218,3.493,3.493
15219,3.493,3.493
15220,3.493,3.493
15221,3.493,3.493
15222,3.493,3.493
15223,3.493,3.493
15224,3.493,3.493
15225,3.493,3.493
15226,3.493,3.493
15227,3.493,3.493
15228,3.493,3.493
15229,3.493,3.493
15230,3.493,3.493
15231,3.493,3.493
15232,3.493,3.493
15233,3.493,3.493
15234,3.493,3.493
15235,3.493,3.493
15236,3.493,3.493
15237,3.493,3.493
15238,3.493,3.493
15239,3.493,3.493
15240,3.493,3.493
15241,3.493,3.493
15242,3.493,3.493
15243,3.493,3.493
15244,3.493,3.493
15245,3.493,3.493
15246,3.493,3.493
15247,3.493,3.493
15248,3.493,3.493
15249,3.493,3.493
15250,3.493,3.493
15251,3.493,3.493
15252,3.493,3.493
15253,3.493,3.493
15254,3.493,3.493
15255,3.493,3.493
15256,3.493,3.493
15257,3.493,3.493
15258,3.493,3.493
15259,3.493,3.493
15260,3.493,3.493
15261,3.493,3.493
15262,3.493,3.493
15263,3.493,3.493
15264,3.493,3.493
15265,3.493,3.493
15266,3.493,3.493
15267,3.493,3.493
15268,3.493,3.493
15269,3.493,3.493
15270,3.493,3.493
15271,3.493,3.493
15272,3.493,3.493
15273,3.493,3.493
15274,3.493,3.493
15275,3.493,3.493
15276,3.493,3.493
15277,3.493,3.493
15278,3.493,3.493
15279,3.493,3.493
15280,3.493,3.493
15281,3.493,3.493
15282,3.493,3.493
15283,3.493,3.493
15284,3.493,3.493
15285,3.493,3.493
15286,3.493,3.493
15287,3.493,3.493
15288,3.493,3.493
15289,3.493,3.493
15290,3.493,3.493
15291,3.493,3.493
15292,3.493,3.493
15293,3.493,3.493
15294,3.493,3.493
15295,3.493,3.493
15296,3.493,3.493
15297,3.493,3.493
15298,3.493,3.493
15299,3.493,3.493
15300,3.493,3.493
15301,3.493,3.493
15302,3.493,3.493
15303,3.493,3.493
15304,3.493,3.493
15305,3.493,3.493
15306,3.493,3.493
15307,3.493,3.493
15308,3.493,3.493
15309,3.493,3.493
15310,3.493,3.493
15311,3.493,3.493
15312,3.493,3.493
15313,3.493,3.493
15314,3.493,3.493
15315,3.493,3.493
15316,3.493,3.493
15317,3.493,3.493
15318,3.493,3.493
15319,3.493,3.493
15320,3.493,3.493
15321,3.493,3.493
15322,3.493,3.493
15323,3.493,3.493
15324,3.493,3.493
15325,3.493,3.493
15326,3.493,3.493
15327,3.493,3.493
15328,3.493,3.493
15329,3.493,3.493
15330,3.493,3.493
15331,3.493,3.493
15332,3.493,3.493
15333,3.493,3.493
15334,3.493,3.493
15335,3.493,3.493
15336,3.493,3.493
15337,3.493,3.493
15338,3.493,3.493
15339,3.493,3.493
15340,3.493,3.493
15341,3.493,3.493
15342,3.493,3.493
15343,3.493,3.493
15344,3.493,3.493
15345,3.493,3.493
15346,3.493,3.493
15347,3.493,3.493
15348,3.493,3.493
15349,3.493,3.493
15350,3.493,3.493
15351,3.493,3.493
15352,3.493,3.493
15353,3.493,3.493
15354,3.493,3.493
15355,3.493,3.493
15356,3.493,3.493
15357,3.493,3.493
15358,3.493,3.493
15359,3.493,3.493
15360,3.493,3.493
15361,3.493,3.493
15362,3.493,3.493
15363,3.493,3.493
15364,3.493,3.493
15365,3.493,3.493
15366,3.493,3.493
15367,3.493,3.493
15368,3.493,3.493
15369,3.493,3.493
15370,3.493,3.493
15371,3.493,3.493
15372,3.493,3.493
15373,3.493,3.493
15374,3.493,3.493
15375,3.493,3.493
15376,3.493,3.493
15377,3.493,3.493
15378,3.493,3.493
15379,3.493,3.493
15380,3.493,3.493
15381,3.493,3.493
15382,3.493,3.493
15383,3.493,3.493
15384,3.493,3.493
15385,3.493,3.493
15386,3.493,3.493
15387,3.493,3.493
15388,3.493,3.493
15389,3.493,3.493
15390,3.493,3.493
15391,3.493,3.493
15392,3.493,3.493
15393,3.493,3.493
15394,3.493,3.493
15395,3.493,3.493
15396,3.493,3.493
15397,3.493,3.493
15398,3.493,3.493
15399,3.493,3.493
15400,3.493,3.493
15401,3.493,3.493
15402,3.493,3.493
15403,3.493,3.493
15404,3.493,3.493
15405,3.493,3.493
15406,3.493,3.493
15407,3.493,3.493
15408,3.493,3.493
15409,3.493,3.493
15410,3.493,3.493
15411,3.493,3.493
15412,3.493,3.493
15413,3.493,3.493
15414,3.493,3.493
15415,3.493,3.493
15416,3.493,3.493
15417,3.493,3.493
15418,3.493,3.493
15419,3.493,3.493
15420,3.493,3.493
15421,3.493,3.493
15422,3.493,3.493
15423,3.493,3.493
15424,3.493,3.493
15425,3.493,3.493
15426,3.493,3.493
15427,3.493,3.493
15428,3.493,3.493
15429,3.493,3.493
15430,3.493,3.493
15431,3.493,3.493
15432,3.493,3.493
15433,3.493,3.493
15434,3.493,3.493
15435,3.493,3.493
15436,3.493,3.493
15437,3.493,3.493
15438,3.493,3.493
15439,3.493,3.493
15440,3.493,3.493
15441,3.493,3.493
15442,3.493,3.493
15443,3.493,3.493
15444,3.493,3.493
15445,3.493,3.493
15446,3.493,3.493
15447,3.493,3.493
15448,3.493,3.493
15449,3.493,3.493
15450,3.493,3.493
15451,3.493,3.493
15452,3.493,3.493
15453,3.493,3.493
15454,3.493,3.493
15455,3.493,3.493
15456,3.493,3.493
15457,3.493,3.493
15458,3.493,3.493
15459,3.493,3.493
15460,3.493,3.493
15461,3.493,3.493
15462,3.493,3.493
15463,3.493,3.493
15464,3.493,3.493
15465,3.493,3.493
15466,3.493,3.493
15467,3.493,3.493
15468,3.493,3.493
15469,3.493,3.493
15470,3.493,3.493
15471,3.493,3.493
15472,3.493,3.493
15473,3.493,3.493
15474,3.493,3.493
15475,3.493,3.493
15476,3.493,3.493
15477,3.493,3.493
15478,3.493,3.493
15479,3.493,3.493
15480,3.493,3.493
15481,3.493,3.493
15482,3.493,3.493
15483,3.493,3.493
15484,3.493,3.493
15485,3.493,3.493
15486,3.493,3.493
15487,3.493,3.493
15488,3.493,3.493
15489,3.493,3.493
15490,3.493,3.493
15491,3.493,3.493
15492,3.493,3.493
15493,3.493,3.493
15494,3.493,3.493
15495,3.493,3.493
15496,3.493,3.493
15497,3.493,3.493
15498,3.493,3.493
15499,3.493,3.493
15500,3.493,3.493
15501,3.493,3.493
15502,3.493,3.493
15503,3.493,3.493
15504,3.493,3.493
15505,3.493,3.493
15506,3.493,3.493
15507,3.493,3.493
15508,3.493,3.493
15509,3.493,3.493
15510,3.493,3.493
15511,3.493,3.493
15512,3.493,3.493
15513,3.493,3.493
15514,3.493,3.493
15515,3.493,3.493
15516,3.493,3.493
15517,3.493,3.493
15518,3.493,3.493
15519,3.493,3.493
15520,3.493,3.493
15521,3.493,3.493
15522,3.493,3.493
15523,3.493,3.493
15524,3.493,3.493
15525,3.493,3.493
15526,3.493,3.493
15527,3.493,3.493
15528,3.493,3.493
15529,3.493,3.493
15530,3.493,3.493
15531,3.493,3.493
15532,3.493,3.493
15533,3.493,3.493
15534,3.493,3.493
15535,3.493,3.493
15536,3.493,3.493
15537,3.493,3.493
15538,3.493,3.493
15539,3.493,3.493
15540,3.493,3.493
15541,3.493,3.493
15542,3.493,3.493
15543,3.493,3.493
15544,3.493,3.493
15545,3.493,3.493
15546,3.493,3.493
15547,3.493,3.493
15548,3.493,3.493
15549,3.493,3.493
15550,3.493,3.493
15551,3.493,3.493
15552,3.493,3.493
15553,3.493,3.493
15554,3.493,3.493
15555,3.493,3.493
15556,3.493,3.493
15557,3.493,3.493
15558,3.493,3.493
15559,3.493,3.493
15560,3.493,3.493
15561,3.493,3.493
15562,3.493,3.493
15563,3.493,3.493
15564,3.493,3.493
15565,3.493,3.493
15566,3.493,3.493
15567,3.493,3.493
15568,3.493,3.493
15569,3.493,3.493
15570,3.493,3.493
15571,3.493,3.493
15572,3.493,3.493
15573,3.493,3.493
15574,3.493,3.493
15575,3.493,3.493
15576,3.493,3.493
15577,3.493,3.493
15578,3.493,3.493
15579,3.493,3.493
15580,3.493,3.493
15581,3.493,3.493
15582,3.493,3.493
15583,3.493,3.493
15584,3.493,3.493
15585,3.493,3.493
15586,3.493,3.493
15587,3.493,3.493
15588,3.493,3.493
15589,3.493,3.493
15590,3.493,3.493
15591,3.493,3.493
15592,3.493,3.493
15593,3.493,3.493
15594,3.493,3.493
15595,3.493,3.493
15596,3.493,3.493
15597,3.493,3.493
15598,3.493,3.493
15599,3.493,3.493
15600,3.493,3.493
15601,3.493,3.493
15602,3.493,3.493
15603,3.493,3.493
15604,3.493,3.493
15605,3.493,3.493
15606,3.493,3.493
15607,3.493,3.493
15608,3.493,3.493
15609,3.493,3.493
15610,3.493,3.493
15611,3.493,3.493
15612,3.493,3.493
15613,3.493,3.493
15614,3.493,3.493
15615,3.493,3.493
15616,3.493,3.493
15617,3.493,3.493
15618,3.493,3.493
15619,3.493,3.493
15620,3.493,3.493
15621,3.493,3.493
15622,3.493,3.493
15623,3.493,3.493
15624,3.493,3.493
15625,3.493,3.493
15626,3.493,3.493
15627,3.493,3.493
15628,3.493,3.493
15629,3.493,3.493
15630,3.493,3.493
15631,3.493,3.493
15632,3.493,3.493
15633,3.493,3.493
15634,3.493,3.493
15635,3.493,3.493
15636,3.493,3.493
15637,3.493,3.493
15638,3.493,3.493
15639,3.493,3.493
15640,3.493,3.493
15641,3.493,3.493
15642,3.493,3.493
15643,3.493,3.493
15644,3.493,3.493
15645,3.493,3.493
15646,3.493,3.493
15647,3.493,3.493
15648,3.493,3.493
15649,3.493,3.493
15650,3.493,3.493
15651,3.493,3.493
15652,3.493,3.493
15653,3.493,3.493
15654,3.493,3.493
15655,3.493,3.493
15656,3.493,3.493
15657,3.493,3.493
15658,3.493,3.493
15659,3.493,3.493
15660,3.493,3.493
15661,3.493,3.493
15662,3.493,3.493
15663,3.493,3.493
15664,3.493,3.493
15665,3.493,3.493
15666,3.493,3.493
15667,3.493,3.493
15668,3.493,3.493
15669,3.493,3.493
15670,3.493,3.493
15671,3.493,3.493
15672,3.493,3.493
15673,3.493,3.493
15674,3.493,3.493
15675,3.493,3.493
15676,3.493,3.493
15677,3.493,3.493
15678,3.493,3.493
15679,3.493,3.493
15680,3.493,3.493
15681,3.493,3.493
15682,3.493,3.493
15683,3.493,3.493
15684,3.493,3.493
15685,3.493,3.493
15686,3.493,3.493
15687,3.493,3.493
15688,3.493,3.493
15689,3.493,3.493
15690,3.493,3.493
15691,3.493,3.493
15692,3.493,3.493
15693,3.493,3.493
15694,3.493,3.493
15695,3.493,3.493
15696,3.493,3.493
15697,3.493,3.493
15698,3.493,3.493
15699,3.493,3.493
15700,3.493,3.493
15701,3.493,3.493
15702,3.493,3.493
15703,3.493,3.493
15704,3.493,3.493
15705,3.493,3.493
15706,3.493,3.493
15707,3.493,3.493
15708,3.493,3.493
15709,3.493,3.493
15710,3.493,3.493
15711,3.493,3.493
15712,3.493,3.493
15713,3.493,3.493
15714,3.493,3.493
15715,3.493,3.493
15716,3.493,3.493
15717,3.493,3.493
15718,3.493,3.493
15719,3.493,3.493
15720,3.493,3.493
15721,3.493,3.493
15722,3.493,3.493
15723,3.493,3.493
15724,3.493,3.493
15725,3.493,3.493
15726,3.493,3.493
15727,3.493,3.493
15728,3.493,3.493
15729,3.493,3.493
15730,3.493,3.493
15731,3.493,3.493
15732,3.493,3.493
15733,3.493,3.493
15734,3.493,3.493
15735,3.493,3.493
15736,3.493,3.493
15737,3.493,3.493
15738,3.493,3.493
15739,3.493,3.493
15740,3.493,3.493
15741,3.493,3.493
15742,3.493,3.493
15743,3.493,3.493
15744,3.493,3.493
15745,3.493,3.493
15746,3.493,3.493
15747,3.493,3.493
15748,3.493,3.493
15749,3.493,3.493
15750,3.493,3.493
15751,3.493,3.493
15752,3.493,3.493
15753,3.493,3.493
15754,3.493,3.493
15755,3.493,3.493
15756,3.493,3.493
15757,3.493,3.493
15758,3.493,3.493
15759,3.493,3.493
15760,3.493,3.493
15761,3.493,3.493
15762,3.493,3.493
15763,3.493,3.493
15764,3.493,3.493
15765,3.493,3.493
15766,3.493,3.493
15767,3.493,3.493
15768,3.493,3.493
15769,3.493,3.493
15770,3.493,3.493
15771,3.493,3.493
15772,3.493,3.493
15773,3.493,3.493
15774,3.493,3.493
15775,3.493,3.493
15776,3.493,3.493
15777,3.493,3.493
15778,3.493,3.493
15779,3.493,3.493
15780,3.493,3.493
15781,3.493,3.493
15782,3.493,3.493
15783,3.493,3.493
15784,3.493,3.493
15785,3.493,3.493
15786,3.493,3.493
15787,3.493,3.493
15788,3.493,3.493
15789,3.493,3.493
15790,3.493,3.493
15791,3.493,3.493
15792,3.493,3.493
15793,3.493,3.493
15794,3.493,3.493
15795,3.493,3.493
15796,3.493,3.493
15797,3.493,3.493
15798,3.493,3.493
15799,3.493,3.493
15800,3.493,3.493
15801,3.493,3.493
15802,3.493,3.493
15803,3.493,3.493
15804,3.493,3.493
15805,3.493,3.493
15806,3.493,3.493
15807,3.493,3.493
15808,3.493,3.493
15809,3.493,3.493
15810,3.493,3.493
15811,3.493,3.493
15812,3.493,3.493
15813,3.493,3.493
15814,3.493,3.493
15815,3.493,3.493
15816,3.493,3.493
15817,3.493,3.493
15818,3.493,3.493
15819,3.493,3.493
15820,3.493,3.493
15821,3.493,3.493
15822,3.493,3.493
15823,3.493,3.493
15824,3.493,3.493
15825,3.493,3.493
15826,3.493,3.493
15827,3.493,3.493
15828,3.493,3.493
15829,3.493,3.493
15830,3.493,3.493
15831,3.493,3.493
15832,3.493,3.493
15833,3.493,3.493
15834,3.493,3.493
15835,3.493,3.493
15836,3.493,3.493
15837,3.493,3.493
15838,3.493,3.493
15839,3.493,3.493
15840,3.493,3.493
15841,3.493,3.493
15842,3.493,3.493
15843,3.493,3.493
15844,3.493,3.493
15845,3.493,3.493
15846,3.493,3.493
15847,3.493,3.493
15848,3.493,3.493
15849,3.493,3.493
15850,3.493,3.493
15851,3.493,3.493
15852,3.493,3.493
15853,3.493,3.493
15854,3.493,3.493
15855,3.493,3.493
15856,3.493,3.493
15857,3.493,3.493
15858,3.493,3.493
15859,3.493,3.493
15860,3.493,3.493
15861,3.493,3.493
15862,3.493,3.493
15863,3.493,3.493
15864,3.493,3.493
15865,3.493,3.493
15866,3.493,3.493
15867,3.493,3.493
15868,3.493,3.493
15869,3.493,3.493
15870,3.493,3.493
15871,3.493,3.493
15872,3.493,3.493
15873,3.493,3.493
15874,3.493,3.493
15875,3.493,3.493
15876,3.493,3.493
15877,3.493,3.493
15878,3.493,3.493
15879,3.493,3.493
15880,3.493,3.493
15881,3.493,3.493
15882,3.493,3.493
15883,3.493,3.493
15884,3.493,3.493
15885,3.493,3.493
15886,3.493,3.493
15887,3.493,3.493
15888,3.493,3.493
15889,3.493,3.493
15890,3.493,3.493
15891,3.493,3.493
15892,3.493,3.493
15893,3.493,3.493
15894,3.493,3.493
15895,3.493,3.493
15896,3.493,3.493
15897,3.493,3.493
15898,3.493,3.493
15899,3.493,3.493
15900,3.493,3.493
15901,3.493,3.493
15902,3.493,3.493
15903,3.493,3.493
15904,3.493,3.493
15905,3.493,3.493
15906,3.493,3.493
15907,3.493,3.493
15908,3.493,3.493
15909,3.493,3.493
15910,3.493,3.493
15911,3.493,3.493
15912,3.493,3.493
15913,3.493,3.493
15914,3.493,3.493
15915,3.493,3.493
15916,3.493,3.493
15917,3.493,3.493
15918,3.493,3.493
15919,3.493,3.493
15920,3.493,3.493
15921,3.493,3.493
15922,3.493,3.493
15923,3.493,3.493
15924,3.493,3.493
15925,3.493,3.493
15926,3.493,3.493
15927,3.493,3.493
15928,3.493,3.493
15929,3.493,3.493
15930,3.493,3.493
15931,3.493,3.493
15932,3.493,3.493
15933,3.493,3.493
15934,3.493,3.493
15935,3.493,3.493
15936,3.493,3.493
15937,3.493,3.493
15938,3.493,3.493
15939,3.493,3.493
15940,3.493,3.493
15941,3.493,3.493
15942,3.493,3.493
15943,3.493,3.493
15944,3.493,3.493
15945,3.493,3.493
15946,3.493,3.493
15947,3.493,3.493
15948,3.493,3.493
15949,3.493,3.493
15950,3.493,3.493
15951,3.493,3.493
15952,3.493,3.493
15953,3.493,3.493
15954,3.493,3.493
15955,3.493,3.493
15956,3.493,3.493
15957,3.493,3.493
15958,3.493,3.493
15959,3.493,3.493
15960,3.493,3.493
15961,3.493,3.493
15962,3.493,3.493
15963,3.493,3.493
15964,3.493,3.493
15965,3.493,3.493
15966,3.493,3.493
15967,3.493,3.493
15968,3.493,3.493
15969,3.493,3.493
15970,3.493,3.493
15971,3.493,3.493
15972,3.493,3.493
15973,3.493,3.493
15974,3.493,3.493
15975,3.493,3.493
15976,3.493,3.493
15977,3.493,3.493
15978,3.493,3.493
15979,3.493,3.493
15980,3.493,3.493
15981,3.493,3.493
15982,3.493,3.493
15983,3.493,3.493
15984,3.493,3.493
15985,3.493,3.493
15986,3.493,3.493
15987,3.493,3.493
15988,3.493,3.493
15989,3.493,3.493
15990,3.493,3.493
15991,3.493,3.493
15992,3.493,3.493
15993,3.493,3.493
15994,3.493,3.493
15995,3.493,3.493
15996,3.493,3.493
15997,3.493,3.493
15998,3.493,3.493
15999,3.493,3.493
16000,3.493,3.493
16001,3.493,3.493
16002,3.493,3.493
16003,3.493,3.493
16004,3.493,3.493
16005,3.493,3.493
16006,3.493,3.493
16007,3.493,3.493
16008,3.493,3.493
16009,3.493,3.493
16010,3.493,3.493
16011,3.493,3.493
16012,3.493,3.493
16013,3.493,3.493
16014,3.493,3.493
16015,3.493,3.493
16016,3.493,3.493
16017,3.493,3.493
16018,3.493,3.493
16019,3.493,3.493
16020,3.493,3.493
16021,3.493,3.493
16022,3.493,3.493
16023,3.493,3.493
16024,3.493,3.493
16025,3.493,3.493
16026,3.493,3.493
16027,3.493,3.493
16028,3.493,3.493
16029,3.493,3.493
16030,3.493,3.493
16031,3.493,3.493
16032,3.493,3.493
16033,3.493,3.493
16034,3.493,3.493
16035,3.493,3.493
16036,3.493,3.493
16037,3.493,3.493
16038,3.493,3.493
16039,3.493,3.493
16040,3.493,3.493
16041,3.493,3.493
16042,3.493,3.493
16043,3.493,3.493
16044,3.493,3.493
16045,3.493,3.493
16046,3.493,3.493
16047,3.493,3.493
16048,3.493,3.493
16049,3.493,3.493
16050,3.493,3.493
16051,3.493,3.493
16052,3.493,3.493
16053,3.493,3.493
16054,3.493,3.493
16055,3.493,3.493
16056,3.493,3.493
16057,3.493,3.493
16058,3.493,3.493
16059,3.493,3.493
16060,3.493,3.493
16061,3.493,3.493
16062,3.493,3.493
16063,3.493,3.493
16064,3.493,3.493
16065,3.493,3.493
16066,3.493,3.493
16067,3.493,3.493
16068,3.493,3.493
16069,3.493,3.493
16070,3.493,3.493
16071,3.493,3.493
16072,3.493,3.493
16073,3.493,3.493
16074,3.493,3.493
16075,3.493,3.493
16076,3.493,3.493
16077,3.493,3.493
16078,3.493,3.493
16079,3.493,3.493
16080,3.493,3.493
16081,3.493,3.493
16082,3.493,3.493
16083,3.493,3.493
16084,3.493,3.493
16085,3.493,3.493
16086,3.493,3.493
16087,3.493,3.493
16088,3.493,3.493
16089,3.493,3.493
16090,3.493,3.493
16091,3.493,3.493
16092,3.493,3.493
16093,3.493,3.493
16094,3.493,3.493
16095,3.493,3.493
16096,3.493,3.493
16097,3.493,3.493
16098,3.493,3.493
16099,3.493,3.493
16100,3.493,3.493
16101,3.493,3.493
16102,3.493,3.493
16103,3.493,3.493
16104,3.493,3.493
16105,3.493,3.493
16106,3.493,3.493
16107,3.493,3.493
16108,3.493,3.493
16109,3.493,3.493
16110,3.493,3.493
16111,3.493,3.493
16112,3.493,3.493
16113,3.493,3.493
16114,3.493,3.493
16115,3.493,3.493
16116,3.493,3.493
16117,3.493,3.493
16118,3.493,3.493
16119,3.493,3.493
16120,3.493,3.493
16121,3.493,3.493
16122,3.493,3.493
16123,3.493,3.493
16124,3.493,3.493
16125,3.493,3.493
16126,3.493,3.493
16127,3.493,3.493
16128,3.493,3.493
16129,3.493,3.493
16130,3.493,3.493
16131,3.493,3.493
16132,3.493,3.493
16133,3.493,3.493
16134,3.493,3.493
16135,3.493,3.493
16136,3.493,3.493
16137,3.493,3.493
16138,3.493,3.493
16139,3.493,3.493
16140,3.493,3.493
16141,3.493,3.493
16142,3.493,3.493
16143,3.493,3.493
16144,3.493,3.493
16145,3.493,3.493
16146,3.493,3.493
16147,3.493,3.493
16148,3.493,3.493
16149,3.493,3.493
16150,3.493,3.493
16151,3.493,3.493
16152,3.493,3.493
16153,3.493,3.493
16154,3.493,3.493
16155,3.493,3.493
16156,3.493,3.493
16157,3.493,3.493
16158,3.493,3.493
16159,3.493,3.493
16160,3.493,3.493
16161,3.493,3.493
16162,3.493,3.493
16163,3.493,3.493
16164,3.493,3.493
16165,3.493,3.493
16166,3.493,3.493
16167,3.493,3.493
16168,3.493,3.493
16169,3.493,3.493
16170,3.493,3.493
16171,3.493,3.493
16172,3.493,3.493
16173,3.493,3.493
16174,3.493,3.493
16175,3.493,3.493
16176,3.493,3.493
16177,3.493,3.493
16178,3.493,3.493
16179,3.493,3.493
16180,3.493,3.493
16181,3.493,3.493
16182,3.493,3.493
16183,3.493,3.493
16184,3.493,3.493
16185,3.493,3.493
16186,3.493,3.493
16187,3.493,3.493
16188,3.493,3.493
16189,3.493,3.493
16190,3.493,3.493
16191,3.493,3.493
16192,3.493,3.493
16193,3.493,3.493
16194,3.493,3.493
16195,3.493,3.493
16196,3.493,3.493
16197,3.493,3.493
16198,3.493,3.493
16199,3.493,3.493
16200,3.493,3.493
16201,3.493,3.493
16202,3.493,3.493
16203,3.493,3.493
16204,3.493,3.493
16205,3.493,3.493
16206,3.493,3.493
16207,3.493,3.493
16208,3.493,3.493
16209,3.493,3.493
16210,3.493,3.493
16211,3.493,3.493
16212,3.493,3.493
16213,3.493,3.493
16214,3.493,3.493
16215,3.493,3.493
16216,3.493,3.493
16217,3.493,3.493
16218,3.493,3.493
16219,3.493,3.493
16220,3.493,3.493
16221,3.493,3.493
16222,3.493,3.493
16223,3.493,3.493
16224,3.493,3.493
16225,3.493,3.493
16226,3.493,3.493
16227,3.493,3.493
16228,3.493,3.493
16229,3.493,3.493
16230,3.493,3.493
16231,3.493,3.493
16232,3.493,3.493
16233,3.493,3.493
16234,3.493,3.493
16235,3.493,3.493
16236,3.493,3.493
16237,3.493,3.493
16238,3.493,3.493
16239,3.493,3.493
16240,3.493,3.493
16241,3.493,3.493
16242,3.493,3.493
16243,3.493,3.493
16244,3.493,3.493
16245,3.493,3.493
16246,3.493,3.493
16247,3.493,3.493
16248,3.493,3.493
16249,3.493,3.493
16250,3.493,3.493
16251,3.493,3.493
16252,3.493,3.493
16253,3.493,3.493
16254,3.493,3.493
16255,3.493,3.493
16256,3.493,3.493
16257,3.493,3.493
16258,3.493,3.493
16259,3.493,3.493
16260,3.493,3.493
16261,3.493,3.493
16262,3.493,3.493
16263,3.493,3.493
16264,3.493,3.493
16265,3.493,3.493
16266,3.493,3.493
16267,3.493,3.493
16268,3.493,3.493
16269,3.493,3.493
16270,3.493,3.493
16271,3.493,3.493
16272,3.493,3.493
16273,3.493,3.493
16274,3.493,3.493
16275,3.493,3.493
16276,3.493,3.493
16277,3.493,3.493
16278,3.493,3.493
16279,3.493,3.493
16280,3.493,3.493
16281,3.493,3.493
16282,3.493,3.493
16283,3.493,3.493
16284,3.493,3.493
16285,3.493,3.493
16286,3.493,3.493
16287,3.493,3.493
16288,3.493,3.493
16289,3.493,3.493
16290,3.493,3.493
16291,3.493,3.493
16292,3.493,3.493
16293,3.493,3.493
16294,3.493,3.493
16295,3.493,3.493
16296,3.493,3.493
16297,3.493,3.493
16298,3.493,3.493
16299,3.493,3.493
16300,3.493,3.493
16301,3.493,3.493
16302,3.493,3.493
16303,3.493,3.493
16304,3.493,3.493
16305,3.493,3.493
16306,3.493,3.493
16307,3.493,3.493
16308,3.493,3.493
16309,3.493,3.493
16310,3.493,3.493
16311,3.493,3.493
16312,3.493,3.493
16313,3.493,3.493
16314,3.493,3.493
16315,3.493,3.493
16316,3.493,3.493
16317,3.493,3.493
16318,3.493,3.493
16319,3.493,3.493
16320,3.493,3.493
16321,3.493,3.493
16322,3.493,3.493
16323,3.493,3.493
16324,3.493,3.493
16325,3.493,3.493
16326,3.493,3.493
16327,3.493,3.493
16328,3.493,3.493
16329,3.493,3.493
16330,3.493,3.493
16331,3.493,3.493
16332,3.493,3.493
16333,3.493,3.493
16334,3.493,3.493
16335,3.493,3.493
16336,3.493,3.493
16337,3.493,3.493
16338,3.493,3.493
16339,3.493,3.493
16340,3.493,3.493
16341,3.493,3.493
16342,3.493,3.493
16343,3.493,3.493
16344,3.493,3.493
16345,3.493,3.493
16346,3.493,3.493
16347,3.493,3.493
16348,3.493,3.493
16349,3.493,3.493
16350,3.493,3.493
16351,3.493,3.493
16352,3.493,3.493
16353,3.493,3.493
16354,3.493,3.493
16355,3.493,3.493
16356,3.493,3.493
16357,3.493,3.493
16358,3.493,3.493
16359,3.493,3.493
16360,3.493,3.493
16361,3.493,3.493
16362,3.493,3.493
16363,3.493,3.493
16364,3.493,3.493
16365,3.493,3.493
16366,3.493,3.493
16367,3.493,3.493
16368,3.493,3.493
16369,3.493,3.493
16370,3.493,3.493
16371,3.493,3.493
16372,3.493,3.493
16373,3.493,3.493
16374,3.493,3.493
16375,3.493,3.493
16376,3.493,3.493
16377,3.493,3.493
16378,3.493,3.493
16379,3.493,3.493
16380,3.493,3.493
16381,3.493,3.493
16382,3.493,3.493
16383,3.493,3.493
16384,3.493,3.493
16385,3.493,3.493
16386,3.493,3.493
16387,3.493,3.493
16388,3.493,3.493
16389,3.493,3.493
16390,3.493,3.493
16391,3.493,3.493
16392,3.493,3.493
16393,3.493,3.493
16394,3.493,3.493
16395,3.493,3.493
16396,3.493,3.493
16397,3.493,3.493
16398,3.493,3.493
16399,3.493,3.493
16400,3.493,3.493
16401,3.493,3.493
16402,3.493,3.493
16403,3.493,3.493
16404,3.493,3.493
16405,3.493,3.493
16406,3.493,3.493
16407,3.493,3.493
16408,3.493,3.493
16409,3.493,3.493
16410,3.493,3.493
16411,3.493,3.493
16412,3.493,3.493
16413,3.493,3.493
16414,3.493,3.493
16415,3.493,3.493
16416,3.493,3.493
16417,3.493,3.493
16418,3.493,3.493
16419,3.493,3.493
16420,3.493,3.493
16421,3.493,3.493
16422,3.493,3.493
16423,3.493,3.493
16424,3.493,3.493
16425,3.493,3.493
16426,3.493,3.493
16427,3.493,3.493
16428,3.493,3.493
16429,3.493,3.493
16430,3.493,3.493
16431,3.493,3.493
16432,3.493,3.493
16433,3.493,3.493
16434,3.493,3.493
16435,3.493,3.493
16436,3.493,3.493
16437,3.493,3.493
16438,3.493,3.493
16439,3.493,3.493
16440,3.493,3.493
16441,3.493,3.493
16442,3.493,3.493
16443,3.493,3.493
16444,3.493,3.493
16445,3.493,3.493
16446,3.493,3.493
16447,3.493,3.493
16448,3.493,3.493
16449,3.493,3.493
16450,3.493,3.493
16451,3.493,3.493
16452,3.493,3.493
16453,3.493,3.493
16454,3.493,3.493
16455,3.493,3.493
16456,3.493,3.493
16457,3.493,3.493
16458,3.493,3.493
16459,3.493,3.493
16460,3.493,3.493
16461,3.493,3.493
16462,3.493,3.493
16463,3.493,3.493
16464,3.493,3.493
16465,3.493,3.493
16466,3.493,3.493
16467,3.493,3.493
16468,3.493,3.493
16469,3.493,3.493
16470,3.493,3.493
16471,3.493,3.493
16472,3.493,3.493
16473,3.493,3.493
16474,3.493,3.493
16475,3.493,3.493
16476,3.493,3.493
16477,3.493,3.493
16478,3.493,3.493
16479,3.493,3.493
16480,3.493,3.493
16481,3.493,3.493
16482,3.493,3.493
16483,3.493,3.493
16484,3.493,3.493
16485,3.493,3.493
16486,3.493,3.493
16487,3.493,3.493
16488,3.493,3.493
16489,3.493,3.493
16490,3.493,3.493
16491,3.493,3.493
16492,3.493,3.493
16493,3.493,3.493
16494,3.493,3.493
16495,3.493,3.493
16496,3.493,3.493
16497,3.493,3.493
16498,3.493,3.493
16499,3.493,3.493
16500,3.493,3.493
16501,3.493,3.493
16502,3.493,3.493
16503,3.493,3.493
16504,3.493,3.493
16505,3.493,3.493
16506,3.493,3.493
16507,3.493,3.493
16508,3.493,3.493
16509,3.493,3.493
16510,3.493,3.493
16511,3.493,3.493
16512,3.493,3.493
16513,3.493,3.493
16514,3.493,3.493
16515,3.493,3.493
16516,3.493,3.493
16517,3.493,3.493
16518,3.493,3.493
16519,3.493,3.493
16520,3.493,3.493
16521,3.493,3.493
16522,3.493,3.493
16523,3.493,3.493
16524,3.493,3.493
16525,3.493,3.493
16526,3.493,3.493
16527,3.493,3.493
16528,3.493,3.493
16529,3.493,3.493
16530,3.493,3.493
16531,3.493,3.493
16532,3.493,3.493
16533,3.493,3.493
16534,3.493,3.493
16535,3.493,3.493
16536,3.493,3.493
16537,3.493,3.493
16538,3.493,3.493
16539,3.493,3.493
16540,3.493,3.493
16541,3.493,3.493
16542,3.493,3.493
16543,3.493,3.493
16544,3.493,3.493
16545,3.493,3.493
16546,3.493,3.493
16547,3.493,3.493
16548,3.493,3.493
16549,3.493,3.493
16550,3.493,3.493
16551,3.493,3.493
16552,3.493,3.493
16553,3.493,3.493
16554,3.493,3.493
16555,3.493,3.493
16556,3.493,3.493
16557,3.493,3.493
16558,3.493,3.493
16559,3.493,3.493
16560,3.493,3.493
16561,3.493,3.493
16562,3.493,3.493
16563,3.493,3.493
16564,3.493,3.493
16565,3.493,3.493
16566,3.493,3.493
16567,3.493,3.493
16568,3.493,3.493
16569,3.493,3.493
16570,3.493,3.493
16571,3.493,3.493
16572,3.493,3.493
16573,3.493,3.493
16574,3.493,3.493
16575,3.493,3.493
16576,3.493,3.493
16577,3.493,3.493
16578,3.493,3.493
16579,3.493,3.493
16580,3.493,3.493
16581,3.493,3.493
16582,3.493,3.493
16583,3.493,3.493
16584,3.493,3.493
16585,3.493,3.493
16586,3.493,3.493
16587,3.493,3.493
16588,3.493,3.493
16589,3.493,3.493
16590,3.493,3.493
16591,3.493,3.493
16592,3.493,3.493
16593,3.493,3.493
16594,3.493,3.493
16595,3.493,3.493
16596,3.493,3.493
16597,3.493,3.493
16598,3.493,3.493
16599,3.493,3.493
16600,3.493,3.493
16601,3.493,3.493
16602,3.493,3.493
16603,3.493,3.493
16604,3.493,3.493
16605,3.493,3.493
16606,3.493,3.493
16607,3.493,3.493
16608,3.493,3.493
16609,3.493,3.493
16610,3.493,3.493
16611,3.493,3.493
16612,3.493,3.493
16613,3.493,3.493
16614,3.493,3.493
16615,3.493,3.493
16616,3.493,3.493
16617,3.493,3.493
16618,3.493,3.493
16619,3.493,3.493
16620,3.493,3.493
16621,3.493,3.493
16622,3.493,3.493
16623,3.493,3.493
16624,3.493,3.493
16625,3.493,3.493
16626,3.493,3.493
16627,3.493,3.493
16628,3.493,3.493
16629,3.493,3.493
16630,3.493,3.493
16631,3.493,3.493
16632,3.493,3.493
16633,3.493,3.493
16634,3.493,3.493
16635,3.493,3.493
16636,3.493,3.493
16637,3.493,3.493
16638,3.493,3.493
16639,3.493,3.493
16640,3.493,3.493
16641,3.493,3.493
16642,3.493,3.493
16643,3.493,3.493
16644,3.493,3.493
16645,3.493,3.493
16646,3.493,3.493
16647,3.493,3.493
16648,3.493,3.493
16649,3.493,3.493
16650,3.493,3.493
16651,3.493,3.493
16652,3.493,3.493
16653,3.493,3.493
16654,3.493,3.493
16655,3.493,3.493
16656,3.493,3.493
16657,3.493,3.493
16658,3.493,3.493
16659,3.493,3.493
16660,3.493,3.493
16661,3.493,3.493
16662,3.493,3.493
16663,3.493,3.493
16664,3.493,3.493
16665,3.493,3.493
16666,3.493,3.493
16667,3.493,3.493
16668,3.493,3.493
16669,3.493,3.493
16670,3.493,3.493
16671,3.493,3.493
16672,3.493,3.493
16673,3.493,3.493
16674,3.493,3.493
16675,3.493,3.493
16676,3.493,3.493
16677,3.493,3.493
16678,3.493,3.493
16679,3.493,3.493
16680,3.493,3.493
16681,3.493,3.493
16682,3.493,3.493
16683,3.493,3.493
16684,3.493,3.493
16685,3.493,3.493
16686,3.493,3.493
16687,3.493,3.493
16688,3.493,3.493
16689,3.493,3.493
16690,3.493,3.493
16691,3.493,3.493
16692,3.493,3.493
16693,3.493,3.493
16694,3.493,3.493
16695,3.493,3.493
16696,3.493,3.493
16697,3.493,3.493
16698,3.493,3.493
16699,3.493,3.493
16700,3.493,3.493
16701,3.493,3.493
16702,3.493,3.493
16703,3.493,3.493
16704,3.493,3.493
16705,3.493,3.493
16706,3.493,3.493
16707,3.493,3.493
16708,3.493,3.493
16709,3.493,3.493
16710,3.493,3.493
16711,3.493,3.493
16712,3.493,3.493
16713,3.493,3.493
16714,3.493,3.493
16715,3.493,3.493
16716,3.493,3.493
16717,3.493,3.493
16718,3.493,3.493
16719,3.493,3.493
16720,3.493,3.493
16721,3.493,3.493
16722,3.493,3.493
16723,3.493,3.493
16724,3.493,3.493
16725,3.493,3.493
16726,3.493,3.493
16727,3.493,3.493
16728,3.493,3.493
16729,3.493,3.493
16730,3.493,3.493
16731,3.493,3.493
16732,3.493,3.493
16733,3.493,3.493
16734,3.493,3.493
16735,3.493,3.493
16736,3.493,3.493
16737,3.493,3.493
16738,3.493,3.493
16739,3.493,3.493
16740,3.493,3.493
16741,3.493,3.493
16742,3.493,3.493
16743,3.493,3.493
16744,3.493,3.493
16745,3.493,3.493
16746,3.493,3.493
16747,3.493,3.493
16748,3.493,3.493
16749,3.493,3.493
16750,3.493,3.493
16751,3.493,3.493
16752,3.493,3.493
16753,3.493,3.493
16754,3.493,3.493
16755,3.493,3.493
16756,3.493,3.493
16757,3.493,3.493
16758,3.493,3.493
16759,3.493,3.493
16760,3.493,3.493
16761,3.493,3.493
16762,3.493,3.493
16763,3.493,3.493
16764,3.493,3.493
16765,3.493,3.493
16766,3.493,3.493
16767,3.493,3.493
16768,3.493,3.493
16769,3.493,3.493
16770,3.493,3.493
16771,3.493,3.493
16772,3.493,3.493
16773,3.493,3.493
16774,3.493,3.493
16775,3.493,3.493
16776,3.493,3.493
16777,3.493,3.493
16778,3.493,3.493
16779,3.493,3.493
16780,3.493,3.493
16781,3.493,3.493
16782,3.493,3.493
16783,3.493,3.493
16784,3.493,3.493
16785,3.493,3.493
16786,3.493,3.493
16787,3.493,3.493
16788,3.493,3.493
16789,3.493,3.493
16790,3.493,3.493
16791,3.493,3.493
16792,3.493,3.493
16793,3.493,3.493
16794,3.493,3.493
16795,3.493,3.493
16796,3.493,3.493
16797,3.493,3.493
16798,3.493,3.493
16799,3.493,3.493
16800,3.493,3.493
16801,3.493,3.493
16802,3.493,3.493
16803,3.493,3.493
16804,3.493,3.493
16805,3.493,3.493
16806,3.493,3.493
16807,3.493,3.493
16808,3.493,3.493
16809,3.493,3.493
16810,3.493,3.493
16811,3.493,3.493
16812,3.493,3.493
16813,3.493,3.493
16814,3.493,3.493
16815,3.493,3.493
16816,3.493,3.493
16817,3.493,3.493
16818,3.493,3.493
16819,3.493,3.493
16820,3.493,3.493
16821,3.493,3.493
16822,3.493,3.493
16823,3.493,3.493
16824,3.493,3.493
16825,3.493,3.493
16826,3.493,3.493
16827,3.493,3.493
16828,3.493,3.493
16829,3.493,3.493
16830,3.493,3.493
16831,3.493,3.493
16832,3.493,3.493
16833,3.493,3.493
16834,3.493,3.493
16835,3.493,3.493
16836,3.493,3.493
16837,3.493,3.493
16838,3.493,3.493
16839,3.493,3.493
16840,3.493,3.493
16841,3.493,3.493
16842,3.493,3.493
16843,3.493,3.493
16844,3.493,3.493
16845,3.493,3.493
16846,3.493,3.493
16847,3.493,3.493
16848,3.493,3.493
16849,3.493,3.493
16850,3.493,3.493
16851,3.493,3.493
16852,3.493,3.493
16853,3.493,3.493
16854,3.493,3.493
16855,3.493,3.493
16856,3.493,3.493
16857,3.493,3.493
16858,3.493,3.493
16859,3.493,3.493
16860,3.493,3.493
16861,3.493,3.493
16862,3.493,3.493
16863,3.493,3.493
16864,3.493,3.493
16865,3.493,3.493
16866,3.493,3.493
16867,3.493,3.493
16868,3.493,3.493
16869,3.493,3.493
16870,3.493,3.493
16871,3.493,3.493
16872,3.493,3.493
16873,3.493,3.493
16874,3.493,3.493
16875,3.493,3.493
16876,3.493,3.493
16877,3.493,3.493
16878,3.493,3.493
16879,3.493,3.493
16880,3.493,3.493
16881,3.493,3.493
16882,3.493,3.493
16883,3.493,3.493
16884,3.493,3.493
16885,3.493,3.493
16886,3.493,3.493
16887,3.493,3.493
16888,3.493,3.493
16889,3.493,3.493
16890,3.493,3.493
16891,3.493,3.493
16892,3.493,3.493
16893,3.493,3.493
16894,3.493,3.493
16895,3.493,3.493
16896,3.493,3.493
16897,3.493,3.493
16898,3.493,3.493
16899,3.493,3.493
16900,3.493,3.493
16901,3.493,3.493
16902,3.493,3.493
16903,3.493,3.493
16904,3.493,3.493
16905,3.493,3.493
16906,3.493,3.493
16907,3.493,3.493
16908,3.493,3.493
16909,3.493,3.493
16910,3.493,3.493
16911,3.493,3.493
16912,3.493,3.493
16913,3.493,3.493
16914,3.493,3.493
16915,3.493,3.493
16916,3.493,3.493
16917,3.493,3.493
16918,3.493,3.493
16919,3.493,3.493
16920,3.493,3.493
16921,3.493,3.493
16922,3.493,3.493
16923,3.493,3.493
16924,3.493,3.493
16925,3.493,3.493
16926,3.493,3.493
16927,3.493,3.493
16928,3.493,3.493
16929,3.493,3.493
16930,3.493,3.493
16931,3.493,3.493
16932,3.493,3.493
16933,3.493,3.493
16934,3.493,3.493
16935,3.493,3.493
16936,3.493,3.493
16937,3.493,3.493
16938,3.493,3.493
16939,3.493,3.493
16940,3.493,3.493
16941,3.493,3.493
16942,3.493,3.493
16943,3.493,3.493
16944,3.493,3.493
16945,3.493,3.493
16946,3.493,3.493
16947,3.493,3.493
16948,3.493,3.493
16949,3.493,3.493
16950,3.493,3.493
16951,3.493,3.493
16952,3.493,3.493
16953,3.493,3.493
16954,3.493,3.493
16955,3.493,3.493
16956,3.493,3.493
16957,3.493,3.493
16958,3.493,3.493
16959,3.493,3.493
16960,3.493,3.493
16961,3.493,3.493
16962,3.493,3.493
16963,3.493,3.493
16964,3.493,3.493
16965,3.493,3.493
16966,3.493,3.493
16967,3.493,3.493
16968,3.493,3.493
16969,3.493,3.493
16970,3.493,3.493
16971,3.493,3.493
16972,3.493,3.493
16973,3.493,3.493
16974,3.493,3.493
16975,3.493,3.493
16976,3.493,3.493
16977,3.493,3.493
16978,3.493,3.493
16979,3.493,3.493
16980,3.493,3.493
16981,3.493,3.493
16982,3.493,3.493
16983,3.493,3.493
16984,3.493,3.493
16985,3.493,3.493
16986,3.493,3.493
16987,3.493,3.493
16988,3.493,3.493
16989,3.493,3.493
16990,3.493,3.493
16991,3.493,3.493
16992,3.493,3.493
16993,3.493,3.493
16994,3.493,3.493
16995,3.493,3.493
16996,3.493,3.493
16997,3.493,3.493
16998,3.493,3.493
16999,3.493,3.493
17000,3.493,3.493
17001,3.493,3.493
17002,3.493,3.493
17003,3.493,3.493
17004,3.493,3.493
17005,3.493,3.493
17006,3.493,3.493
17007,3.493,3.493
17008,3.493,3.493
17009,3.493,3.493
17010,3.493,3.493
17011,3.493,3.493
17012,3.493,3.493
17013,3.493,3.493
17014,3.493,3.493
17015,3.493,3.493
17016,3.493,3.493
17017,3.493,3.493
17018,3.493,3.493
17019,3.493,3.493
17020,3.493,3.493
17021,3.493,3.493
17022,3.493,3.493
17023,3.493,3.493
17024,3.493,3.493
17025,3.493,3.493
17026,3.493,3.493
17027,3.493,3.493
17028,3.493,3.493
17029,3.493,3.493
17030,3.493,3.493
17031,3.493,3.493
17032,3.493,3.493
17033,3.493,3.493
17034,3.493,3.493
17035,3.493,3.493
17036,3.493,3.493
17037,3.493,3.493
17038,3.493,3.493
17039,3.493,3.493
17040,3.493,3.493
17041,3.493,3.493
17042,3.493,3.493
17043,3.493,3.493
17044,3.493,3.493
17045,3.493,3.493
17046,3.493,3.493
17047,3.493,3.493
17048,3.493,3.493
17049,3.493,3.493
17050,3.493,3.493
17051,3.493,3.493
17052,3.493,3.493
17053,3.493,3.493
17054,3.493,3.493
17055,3.493,3.493
17056,3.493,3.493
17057,3.493,3.493
17058,3.493,3.493
17059,3.493,3.493
17060,3.493,3.493
17061,3.493,3.493
17062,3.493,3.493
17063,3.493,3.493
17064,3.493,3.493
17065,3.493,3.493
17066,3.493,3.493
17067,3.493,3.493
17068,3.493,3.493
17069,3.493,3.493
17070,3.493,3.493
17071,3.493,3.493
17072,3.493,3.493
17073,3.493,3.493
17074,3.493,3.493
17075,3.493,3.493
17076,3.493,3.493
17077,3.493,3.493
17078,3.493,3.493
17079,3.493,3.493
17080,3.493,3.493
17081,3.493,3.493
17082,3.493,3.493
17083,3.493,3.493
17084,3.493,3.493
17085,3.493,3.493
17086,3.493,3.493
17087,3.493,3.493
17088,3.493,3.493
17089,3.493,3.493
17090,3.493,3.493
17091,3.493,3.493
17092,3.493,3.493
17093,3.493,3.493
17094,3.493,3.493
17095,3.493,3.493
17096,3.493,3.493
17097,3.493,3.493
17098,3.493,3.493
17099,3.493,3.493
17100,3.493,3.493
17101,3.493,3.493
17102,3.493,3.493
17103,3.493,3.493
17104,3.493,3.493
17105,3.493,3.493
17106,3.493,3.493
17107,3.493,3.493
17108,3.493,3.493
17109,3.493,3.493
17110,3.493,3.493
17111,3.493,3.493
17112,3.493,3.493
17113,3.493,3.493
17114,3.493,3.493
17115,3.493,3.493
17116,3.493,3.493
17117,3.493,3.493
17118,3.493,3.493
17119,3.493,3.493
17120,3.493,3.493
17121,3.493,3.493
17122,3.493,3.493
17123,3.493,3.493
17124,3.493,3.493
17125,3.493,3.493
17126,3.493,3.493
17127,3.493,3.493
17128,3.493,3.493
17129,3.493,3.493
17130,3.493,3.493
17131,3.493,3.493
17132,3.493,3.493
17133,3.493,3.493
17134,3.493,3.493
17135,3.493,3.493
17136,3.493,3.493
17137,3.493,3.493
17138,3.493,3.493
17139,3.493,3.493
17140,3.493,3.493
17141,3.493,3.493
17142,3.493,3.493
17143,3.493,3.493
17144,3.493,3.493
17145,3.493,3.493
17146,3.493,3.493
17147,3.493,3.493
17148,3.493,3.493
17149,3.493,3.493
17150,3.493,3.493
17151,3.493,3.493
17152,3.493,3.493
17153,3.493,3.493
17154,3.493,3.493
17155,3.493,3.493
17156,3.493,3.493
17157,3.493,3.493
17158,3.493,3.493
17159,3.493,3.493
17160,3.493,3.493
17161,3.493,3.493
17162,3.493,3.493
17163,3.493,3.493
17164,3.493,3.493
17165,3.493,3.493
17166,3.493,3.493
17167,3.493,3.493
17168,3.493,3.493
17169,3.493,3.493
17170,3.493,3.493
17171,3.493,3.493
17172,3.493,3.493
17173,3.493,3.493
17174,3.493,3.493
17175,3.493,3.493
17176,3.493,3.493
17177,3.493,3.493
17178,3.493,3.493
17179,3.493,3.493
17180,3.493,3.493
17181,3.493,3.493
17182,3.493,3.493
17183,3.493,3.493
17184,3.493,3.493
17185,3.493,3.493
17186,3.493,3.493
17187,3.493,3.493
17188,3.493,3.493
17189,3.493,3.493
17190,3.493,3.493
17191,3.493,3.493
17192,3.493,3.493
17193,3.493,3.493
17194,3.493,3.493
17195,3.493,3.493
17196,3.493,3.493
17197,3.493,3.493
17198,3.493,3.493
17199,3.493,3.493
17200,3.493,3.493
17201,3.493,3.493
17202,3.493,3.493
17203,3.493,3.493
17204,3.493,3.493
17205,3.493,3.493
17206,3.493,3.493
17207,3.493,3.493
17208,3.493,3.493
17209,3.493,3.493
17210,3.493,3.493
17211,3.493,3.493
17212,3.493,3.493
17213,3.493,3.493
17214,3.493,3.493
17215,3.493,3.493
17216,3.493,3.493
17217,3.493,3.493
17218,3.493,3.493
17219,3.493,3.493
17220,3.493,3.493
17221,3.493,3.493
17222,3.493,3.493
17223,3.493,3.493
17224,3.493,3.493
17225,3.493,3.493
17226,3.493,3.493
17227,3.493,3.493
17228,3.493,3.493
17229,3.493,3.493
17230,3.493,3.493
17231,3.493,3.493
17232,3.493,3.493
17233,3.493,3.493
17234,3.493,3.493
17235,3.493,3.493
17236,3.493,3.493
17237,3.493,3.493
17238,3.493,3.493
17239,3.493,3.493
17240,3.493,3.493
17241,3.493,3.493
17242,3.493,3.493
17243,3.493,3.493
17244,3.493,3.493
17245,3.493,3.493
17246,3.493,3.493
17247,3.493,3.493
17248,3.493,3.493
17249,3.493,3.493
17250,3.493,3.493
17251,3.493,3.493
17252,3.493,3.493
17253,3.493,3.493
17254,3.493,3.493
17255,3.493,3.493
17256,3.493,3.493
17257,3.493,3.493
17258,3.493,3.493
17259,3.493,3.493
17260,3.493,3.493
17261,3.493,3.493
17262,3.493,3.493
17263,3.493,3.493
17264,3.493,3.493
17265,3.493,3.493
17266,3.493,3.493
17267,3.493,3.493
17268,3.493,3.493
17269,3.493,3.493
17270,3.493,3.493
17271,3.493,3.493
17272,3.493,3.493
17273,3.493,3.493
17274,3.493,3.493
17275,3.493,3.493
17276,3.493,3.493
17277,3.493,3.493
17278,3.493,3.493
17279,3.493,3.493
17280,3.493,3.493
17281,3.493,3.493
17282,3.493,3.493
17283,3.493,3.493
17284,3.493,3.493
17285,3.493,3.493
17286,3.493,3.493
17287,3.493,3.493
17288,3.493,3.493
17289,3.493,3.493
17290,3.493,3.493
17291,3.493,3.493
17292,3.493,3.493
17293,3.493,3.493
17294,3.493,3.493
17295,3.493,3.493
17296,3.493,3.493
17297,3.493,3.493
17298,3.493,3.493
17299,3.493,3.493
17300,3.493,3.493
17301,3.493,3.493
17302,3.493,3.493
17303,3.493,3.493
17304,3.493,3.493
17305,3.493,3.493
17306,3.493,3.493
17307,3.493,3.493
17308,3.493,3.493
17309,3.493,3.493
17310,3.493,3.493
17311,3.493,3.493
17312,3.493,3.493
17313,3.493,3.493
17314,3.493,3.493
17315,3.493,3.493
17316,3.493,3.493
17317,3.493,3.493
17318,3.493,3.493
17319,3.493,3.493
17320,3.493,3.493
17321,3.493,3.493
17322,3.493,3.493
17323,3.493,3.493
17324,3.493,3.493
17325,3.493,3.493
17326,3.493,3.493
17327,3.493,3.493
17328,3.493,3.493
17329,3.493,3.493
17330,3.493,3.493
17331,3.493,3.493
17332,3.493,3.493
17333,3.493,3.493
17334,3.493,3.493
17335,3.493,3.493
17336,3.493,3.493
17337,3.493,3.493
17338,3.493,3.493
17339,3.493,3.493
17340,3.493,3.493
17341,3.493,3.493
17342,3.493,3.493
17343,3.493,3.493
17344,3.493,3.493
17345,3.493,3.493
17346,3.493,3.493
17347,3.493,3.493
17348,3.493,3.493
17349,3.493,3.493
17350,3.493,3.493
17351,3.493,3.493
17352,3.493,3.493
17353,3.493,3.493
17354,3.493,3.493
17355,3.493,3.493
17356,3.493,3.493
17357,3.493,3.493
17358,3.493,3.493
17359,3.493,3.493
17360,3.493,3.493
17361,3.493,3.493
17362,3.493,3.493
17363,3.493,3.493
17364,3.493,3.493
17365,3.493,3.493
17366,3.493,3.493
17367,3.493,3.493
17368,3.493,3.493
17369,3.493,3.493
17370,3.493,3.493
17371,3.493,3.493
17372,3.493,3.493
17373,3.493,3.493
17374,3.493,3.493
17375,3.493,3.493
17376,3.493,3.493
17377,3.493,3.493
17378,3.493,3.493
17379,3.493,3.493
17380,3.493,3.493
17381,3.493,3.493
17382,3.493,3.493
17383,3.493,3.493
17384,3.493,3.493
17385,3.493,3.493
17386,3.493,3.493
17387,3.493,3.493
17388,3.493,3.493
17389,3.493,3.493
17390,3.493,3.493
17391,3.493,3.493
17392,3.493,3.493
17393,3.493,3.493
17394,3.493,3.493
17395,3.493,3.493
17396,3.493,3.493
17397,3.493,3.493
17398,3.493,3.493
17399,3.493,3.493
17400,3.493,3.493
17401,3.493,3.493
17402,3.493,3.493
17403,3.493,3.493
17404,3.493,3.493
17405,3.493,3.493
17406,3.493,3.493
17407,3.493,3.493
17408,3.493,3.493
17409,3.493,3.493
17410,3.493,3.493
17411,3.493,3.493
17412,3.493,3.493
17413,3.493,3.493
17414,3.493,3.493
17415,3.493,3.493
17416,3.493,3.493
17417,3.493,3.493
17418,3.493,3.493
17419,3.493,3.493
17420,3.493,3.493
17421,3.493,3.493
17422,3.493,3.493
17423,3.493,3.493
17424,3.493,3.493
17425,3.493,3.493
17426,3.493,3.493
17427,3.493,3.493
17428,3.493,3.493
17429,3.493,3.493
17430,3.493,3.493
17431,3.493,3.493
17432,3.493,3.493
17433,3.493,3.493
17434,3.493,3.493
17435,3.493,3.493
17436,3.493,3.493
17437,3.493,3.493
17438,3.493,3.493
17439,3.493,3.493
17440,3.493,3.493
17441,3.493,3.493
17442,3.493,3.493
17443,3.493,3.493
17444,3.493,3.493
17445,3.493,3.493
17446,3.493,3.493
17447,3.493,3.493
17448,3.493,3.493
17449,3.493,3.493
17450,3.493,3.493
17451,3.493,3.493
17452,3.493,3.493
17453,3.493,3.493
17454,3.493,3.493
17455,3.493,3.493
17456,3.493,3.493
17457,3.493,3.493
17458,3.493,3.493
17459,3.493,3.493
17460,3.493,3.493
17461,3.493,3.493
17462,3.493,3.493
17463,3.493,3.493
17464,3.493,3.493
17465,3.493,3.493
17466,3.493,3.493
17467,3.493,3.493
17468,3.493,3.493
17469,3.493,3.493
17470,3.493,3.493
17471,3.493,3.493
17472,3.493,3.493
17473,3.493,3.493
17474,3.493,3.493
17475,3.493,3.493
17476,3.493,3.493
17477,3.493,3.493
17478,3.493,3.493
17479,3.493,3.493
17480,3.493,3.493
17481,3.493,3.493
17482,3.493,3.493
17483,3.493,3.493
17484,3.493,3.493
17485,3.493,3.493
17486,3.493,3.493
17487,3.493,3.493
17488,3.493,3.493
17489,3.493,3.493
17490,3.493,3.493
17491,3.493,3.493
17492,3.493,3.493
17493,3.493,3.493
17494,3.493,3.493
17495,3.493,3.493
17496,3.493,3.493
17497,3.493,3.493
17498,3.493,3.493
17499,3.493,3.493
17500,3.493,3.493
17501,3.493,3.493
17502,3.493,3.493
17503,3.493,3.493
17504,3.493,3.493
17505,3.493,3.493
17506,3.493,3.493
17507,3.493,3.493
17508,3.493,3.493
17509,3.493,3.493
17510,3.493,3.493
17511,3.493,3.493
17512,3.493,3.493
17513,3.493,3.493
17514,3.493,3.493
17515,3.493,3.493
17516,3.493,3.493
17517,3.493,3.493
17518,3.493,3.493
17519,3.493,3.493
17520,3.493,3.493
17521,3.493,3.493
17522,3.493,3.493
17523,3.493,3.493
17524,3.493,3.493
17525,3.493,3.493
17526,3.493,3.493
17527,3.493,3.493
17528,3.493,3.493
17529,3.493,3.493
17530,3.493,3.493
17531,3.493,3.493
17532,3.493,3.493
17533,3.493,3.493
17534,3.493,3.493
17535,3.493,3.493
17536,3.493,3.493
17537,3.493,3.493
17538,3.493,3.493
17539,3.493,3.493
17540,3.493,3.493
17541,3.493,3.493
17542,3.493,3.493
17543,3.493,3.493
17544,3.493,3.493
17545,3.493,3.493
17546,3.493,3.493
17547,3.493,3.493
17548,3.493,3.493
17549,3.493,3.493
17550,3.493,3.493
17551,3.493,3.493
17552,3.493,3.493
17553,3.493,3.493
17554,3.493,3.493
17555,3.493,3.493
17556,3.493,3.493
17557,3.493,3.493
17558,3.493,3.493
17559,3.493,3.493
17560,3.493,3.493
17561,3.493,3.493
17562,3.493,3.493
17563,3.493,3.493
17564,3.493,3.493
17565,3.493,3.493
17566,3.493,3.493
17567,3.493,3.493
17568,3.493,3.493
17569,3.493,3.493
17570,3.493,3.493
17571,3.493,3.493
17572,3.493,3.493
17573,3.493,3.493
17574,3.493,3.493
17575,3.493,3.493
17576,3.493,3.493
17577,3.493,3.493
17578,3.493,3.493
17579,3.493,3.493
17580,3.493,3.493
17581,3.493,3.493
17582,3.493,3.493
17583,3.493,3.493
17584,3.493,3.493
17585,3.493,3.493
17586,3.493,3.493
17587,3.493,3.493
17588,3.493,3.493
17589,3.493,3.493
17590,3.493,3.493
17591,3.493,3.493
17592,3.493,3.493
17593,3.493,3.493
17594,3.493,3.493
17595,3.493,3.493
17596,3.493,3.493
17597,3.493,3.493
17598,3.493,3.493
17599,3.493,3.493
17600,3.493,3.493
17601,3.493,3.493
17602,3.493,3.493
17603,3.493,3.493
17604,3.493,3.493
17605,3.493,3.493
17606,3.493,3.493
17607,3.493,3.493
17608,3.493,3.493
17609,3.493,3.493
17610,3.493,3.493
17611,3.493,3.493
17612,3.493,3.493
17613,3.493,3.493
17614,3.493,3.493
17615,3.493,3.493
17616,3.493,3.493
17617,3.493,3.493
17618,3.493,3.493
17619,3.493,3.493
17620,3.493,3.493
17621,3.493,3.493
17622,3.493,3.493
17623,3.493,3.493
17624,3.493,3.493
17625,3.493,3.493
17626,3.493,3.493
17627,3.493,3.493
17628,3.493,3.493
17629,3.493,3.493
17630,3.493,3.493
17631,3.493,3.493
17632,3.493,3.493
17633,3.493,3.493
17634,3.493,3.493
17635,3.493,3.493
17636,3.493,3.493
17637,3.493,3.493
17638,3.493,3.493
17639,3.493,3.493
17640,3.493,3.493
17641,3.493,3.493
17642,3.493,3.493
17643,3.493,3.493
17644,3.493,3.493
17645,3.493,3.493
17646,3.493,3.493
17647,3.493,3.493
17648,3.493,3.493
17649,3.493,3.493
17650,3.493,3.493
17651,3.493,3.493
17652,3.493,3.493
17653,3.493,3.493
17654,3.493,3.493
17655,3.493,3.493
17656,3.493,3.493
17657,3.493,3.493
17658,3.493,3.493
17659,3.493,3.493
17660,3.493,3.493
17661,3.493,3.493
17662,3.493,3.493
17663,3.493,3.493
17664,3.493,3.493
17665,3.493,3.493
17666,3.493,3.493
17667,3.493,3.493
17668,3.493,3.493
17669,3.493,3.493
17670,3.493,3.493
17671,3.493,3.493
17672,3.493,3.493
17673,3.493,3.493
17674,3.493,3.493
17675,3.493,3.493
17676,3.493,3.493
17677,3.493,3.493
17678,3.493,3.493
17679,3.493,3.493
17680,3.493,3.493
17681,3.493,3.493
17682,3.493,3.493
17683,3.493,3.493
17684,3.493,3.493
17685,3.493,3.493
17686,3.493,3.493
17687,3.493,3.493
17688,3.493,3.493
17689,3.493,3.493
17690,3.493,3.493
17691,3.493,3.493
17692,3.493,3.493
17693,3.493,3.493
17694,3.493,3.493
17695,3.493,3.493
17696,3.493,3.493
17697,3.493,3.493
17698,3.493,3.493
17699,3.493,3.493
17700,3.493,3.493
17701,3.493,3.493
17702,3.493,3.493
17703,3.493,3.493
17704,3.493,3.493
17705,3.493,3.493
17706,3.493,3.493
17707,3.493,3.493
17708,3.493,3.493
17709,3.493,3.493
17710,3.493,3.493
17711,3.493,3.493
17712,3.493,3.493
17713,3.493,3.493
17714,3.493,3.493
17715,3.493,3.493
17716,3.493,3.493
17717,3.493,3.493
17718,3.493,3.493
17719,3.493,3.493
17720,3.493,3.493
17721,3.493,3.493
17722,3.493,3.493
17723,3.493,3.493
17724,3.493,3.493
17725,3.493,3.493
17726,3.493,3.493
17727,3.493,3.493
17728,3.493,3.493
17729,3.493,3.493
17730,3.493,3.493
17731,3.493,3.493
17732,3.493,3.493
17733,3.493,3.493
17734,3.493,3.493
17735,3.493,3.493
17736,3.493,3.493
17737,3.493,3.493
17738,3.493,3.493
17739,3.493,3.493
17740,3.493,3.493
17741,3.493,3.493
17742,3.493,3.493
17743,3.493,3.493
17744,3.493,3.493
17745,3.493,3.493
17746,3.493,3.493
17747,3.493,3.493
17748,3.493,3.493
17749,3.493,3.493
17750,3.493,3.493
17751,3.493,3.493
17752,3.493,3.493
17753,3.493,3.493
17754,3.493,3.493
17755,3.493,3.493
17756,3.493,3.493
17757,3.493,3.493
17758,3.493,3.493
17759,3.493,3.493
17760,3.493,3.493
17761,3.493,3.493
17762,3.493,3.493
17763,3.493,3.493
17764,3.493,3.493
17765,3.493,3.493
17766,3.493,3.493
17767,3.493,3.493
17768,3.493,3.493
17769,3.493,3.493
17770,3.493,3.493
17771,3.493,3.493
17772,3.493,3.493
17773,3.493,3.493
17774,3.493,3.493
17775,3.493,3.493
17776,3.493,3.493
17777,3.493,3.493
17778,3.493,3.493
17779,3.493,3.493
17780,3.493,3.493
17781,3.493,3.493
17782,3.493,3.493
17783,3.493,3.493
17784,3.493,3.493
17785,3.493,3.493
17786,3.493,3.493
17787,3.493,3.493
17788,3.493,3.493
17789,3.493,3.493
17790,3.493,3.493
17791,3.493,3.493
17792,3.493,3.493
17793,3.493,3.493
17794,3.493,3.493
17795,3.493,3.493
17796,3.493,3.493
17797,3.493,3.493
17798,3.493,3.493
17799,3.493,3.493
17800,3.493,3.493
17801,3.493,3.493
17802,3.493,3.493
17803,3.493,3.493
17804,3.493,3.493
17805,3.493,3.493
17806,3.493,3.493
17807,3.493,3.493
17808,3.493,3.493
17809,3.493,3.493
17810,3.493,3.493
17811,3.493,3.493
17812,3.493,3.493
17813,3.493,3.493
17814,3.493,3.493
17815,3.493,3.493
17816,3.493,3.493
17817,3.493,3.493
17818,3.493,3.493
17819,3.493,3.493
17820,3.493,3.493
17821,3.493,3.493
17822,3.493,3.493
17823,3.493,3.493
17824,3.493,3.493
17825,3.493,3.493
17826,3.493,3.493
17827,3.493,3.493
17828,3.493,3.493
17829,3.493,3.493
17830,3.493,3.493
17831,3.493,3.493
17832,3.493,3.493
17833,3.493,3.493
17834,3.493,3.493
17835,3.493,3.493
17836,3.493,3.493
17837,3.493,3.493
17838,3.493,3.493
17839,3.493,3.493
17840,3.493,3.493
17841,3.493,3.493
17842,3.493,3.493
17843,3.493,3.493
17844,3.493,3.493
17845,3.493,3.493
17846,3.493,3.493
17847,3.493,3.493
17848,3.493,3.493
17849,3.493,3.493
17850,3.493,3.493
17851,3.493,3.493
17852,3.493,3.493
17853,3.493,3.493
17854,3.493,3.493
17855,3.493,3.493
17856,3.493,3.493
17857,3.493,3.493
17858,3.493,3.493
17859,3.493,3.493
17860,3.493,3.493
17861,3.493,3.493
17862,3.493,3.493
17863,3.493,3.493
17864,3.493,3.493
17865,3.493,3.493
17866,3.493,3.493
17867,3.493,3.493
17868,3.493,3.493
17869,3.493,3.493
17870,3.493,3.493
17871,3.493,3.493
17872,3.493,3.493
17873,3.493,3.493
17874,3.493,3.493
17875,3.493,3.493
17876,3.493,3.493
17877,3.493,3.493
17878,3.493,3.493
17879,3.493,3.493
17880,3.493,3.493
17881,3.493,3.493
17882,3.493,3.493
17883,3.493,3.493
17884,3.493,3.493
17885,3.493,3.493
17886,3.493,3.493
17887,3.493,3.493
17888,3.493,3.493
17889,3.493,3.493
17890,3.493,3.493
17891,3.493,3.493
17892,3.493,3.493
17893,3.493,3.493
17894,3.493,3.493
17895,3.493,3.493
17896,3.493,3.493
17897,3.493,3.493
17898,3.493,3.493
17899,3.493,3.493
17900,3.493,3.493
17901,3.493,3.493
17902,3.493,3.493
17903,3.493,3.493
17904,3.493,3.493
17905,3.493,3.493
17906,3.493,3.493
17907,3.493,3.493
17908,3.493,3.493
17909,3.493,3.493
17910,3.493,3.493
17911,3.493,3.493
17912,3.493,3.493
17913,3.493,3.493
17914,3.493,3.493
17915,3.493,3.493
17916,3.493,3.493
17917,3.493,3.493
17918,3.493,3.493
17919,3.493,3.493
17920,3.493,3.493
17921,3.493,3.493
17922,3.493,3.493
17923,3.493,3.493
17924,3.493,3.493
17925,3.493,3.493
17926,3.493,3.493
17927,3.493,3.493
17928,3.493,3.493
17929,3.493,3.493
17930,3.493,3.493
17931,3.493,3.493
17932,3.493,3.493
17933,3.493,3.493
17934,3.493,3.493
17935,3.493,3.493
17936,3.493,3.493
17937,3.493,3.493
17938,3.493,3.493
17939,3.493,3.493
17940,3.493,3.493
17941,3.493,3.493
17942,3.493,3.493
17943,3.493,3.493
17944,3.493,3.493
17945,3.493,3.493
17946,3.493,3.493
17947,3.493,3.493
17948,3.493,3.493
17949,3.493,3.493
17950,3.493,3.493
17951,3.493,3.493
17952,3.493,3.493
17953,3.493,3.493
17954,3.493,3.493
17955,3.493,3.493
17956,3.493,3.493
17957,3.493,3.493
17958,3.493,3.493
17959,3.493,3.493
17960,3.493,3.493
17961,3.493,3.493
17962,3.493,3.493
17963,3.493,3.493
17964,3.493,3.493
17965,3.493,3.493
17966,3.493,3.493
17967,3.493,3.493
17968,3.493,3.493
17969,3.493,3.493
17970,3.493,3.493
17971,3.493,3.493
17972,3.493,3.493
17973,3.493,3.493
17974,3.493,3.493
17975,3.493,3.493
17976,3.493,3.493
17977,3.493,3.493
17978,3.493,3.493
17979,3.493,3.493
17980,3.493,3.493
17981,3.493,3.493
17982,3.493,3.493
17983,3.493,3.493
17984,3.493,3.493
17985,3.493,3.493
17986,3.493,3.493
17987,3.493,3.493
17988,3.493,3.493
17989,3.493,3.493
17990,3.493,3.493
17991,3.493,3.493
17992,3.493,3.493
17993,3.493,3.493
17994,3.493,3.493
17995,3.493,3.493
17996,3.493,3.493
17997,3.493,3.493
17998,3.493,3.493
17999,3.493,3.493
18000,3.493,3.493
18001,3.493,3.493
18002,3.493,3.493
18003,3.493,3.493
18004,3.493,3.493
18005,3.493,3.493
18006,3.493,3.493
18007,3.493,3.493
18008,3.493,3.493
18009,3.493,3.493
18010,3.493,3.493
18011,3.493,3.493
18012,3.493,3.493
18013,3.493,3.493
18014,3.493,3.493
18015,3.493,3.493
18016,3.493,3.493
18017,3.493,3.493
18018,3.493,3.493
18019,3.493,3.493
18020,3.493,3.493
18021,3.493,3.493
18022,3.493,3.493
18023,3.493,3.493
18024,3.493,3.493
18025,3.493,3.493
18026,3.493,3.493
18027,3.493,3.493
18028,3.493,3.493
18029,3.493,3.493
18030,3.493,3.493
18031,3.493,3.493
18032,3.493,3.493
18033,3.493,3.493
18034,3.493,3.493
18035,3.493,3.493
18036,3.493,3.493
18037,3.493,3.493
18038,3.493,3.493
18039,3.493,3.493
18040,3.493,3.493
18041,3.493,3.493
18042,3.493,3.493
18043,3.493,3.493
18044,3.493,3.493
18045,3.493,3.493
18046,3.493,3.493
18047,3.493,3.493
18048,3.493,3.493
18049,3.493,3.493
18050,3.493,3.493
18051,3.493,3.493
18052,3.493,3.493
18053,3.493,3.493
18054,3.493,3.493
18055,3.493,3.493
18056,3.493,3.493
18057,3.493,3.493
18058,3.493,3.493
18059,3.493,3.493
18060,3.493,3.493
18061,3.493,3.493
18062,3.493,3.493
18063,3.493,3.493
18064,3.493,3.493
18065,3.493,3.493
18066,3.493,3.493
18067,3.493,3.493
18068,3.493,3.493
18069,3.493,3.493
18070,3.493,3.493
18071,3.493,3.493
18072,3.493,3.493
18073,3.493,3.493
18074,3.493,3.493
18075,3.493,3.493
18076,3.493,3.493
18077,3.493,3.493
18078,3.493,3.493
18079,3.493,3.493
18080,3.493,3.493
18081,3.493,3.493
18082,3.493,3.493
18083,3.493,3.493
18084,3.493,3.493
18085,3.493,3.493
18086,3.493,3.493
18087,3.493,3.493
18088,3.493,3.493
18089,3.493,3.493
18090,3.493,3.493
18091,3.493,3.493
18092,3.493,3.493
18093,3.493,3.493
18094,3.493,3.493
18095,3.493,3.493
18096,3.493,3.493
18097,3.493,3.493
18098,3.493,3.493
18099,3.493,3.493
18100,3.493,3.493
18101,3.493,3.493
18102,3.493,3.493
18103,3.493,3.493
18104,3.493,3.493
18105,3.493,3.493
18106,3.493,3.493
18107,3.493,3.493
18108,3.493,3.493
18109,3.493,3.493
18110,3.493,3.493
18111,3.493,3.493
18112,3.493,3.493
18113,3.493,3.493
18114,3.493,3.493
18115,3.493,3.493
18116,3.493,3.493
18117,3.493,3.493
18118,3.493,3.493
18119,3.493,3.493
18120,3.493,3.493
18121,3.493,3.493
18122,3.493,3.493
18123,3.493,3.493
18124,3.493,3.493
18125,3.493,3.493
18126,3.493,3.493
18127,3.493,3.493
18128,3.493,3.493
18129,3.493,3.493
18130,3.493,3.493
18131,3.493,3.493
18132,3.493,3.493
18133,3.493,3.493
18134,3.493,3.493
18135,3.493,3.493
18136,3.493,3.493
18137,3.493,3.493
18138,3.493,3.493
18139,3.493,3.493
18140,3.493,3.493
18141,3.493,3.493
18142,3.493,3.493
18143,3.493,3.493
18144,3.493,3.493
18145,3.493,3.493
18146,3.493,3.493
18147,3.493,3.493
18148,3.493,3.493
18149,3.493,3.493
18150,3.493,3.493
18151,3.493,3.493
18152,3.493,3.493
18153,3.493,3.493
18154,3.493,3.493
18155,3.493,3.493
18156,3.493,3.493
18157,3.493,3.493
18158,3.493,3.493
18159,3.493,3.493
18160,3.493,3.493
18161,3.493,3.493
18162,3.493,3.493
18163,3.493,3.493
18164,3.493,3.493
18165,3.493,3.493
18166,3.493,3.493
18167,3.493,3.493
18168,3.493,3.493
18169,3.493,3.493
18170,3.493,3.493
18171,3.493,3.493
18172,3.493,3.493
18173,3.493,3.493
18174,3.493,3.493
18175,3.493,3.493
18176,3.493,3.493
18177,3.493,3.493
18178,3.493,3.493
18179,3.493,3.493
18180,3.493,3.493
18181,3.493,3.493
18182,3.493,3.493
18183,3.493,3.493
18184,3.493,3.493
18185,3.493,3.493
18186,3.493,3.493
18187,3.493,3.493
18188,3.493,3.493
18189,3.493,3.493
18190,3.493,3.493
18191,3.493,3.493
18192,3.493,3.493
18193,3.493,3.493
18194,3.493,3.493
18195,3.493,3.493
18196,3.493,3.493
18197,3.493,3.493
18198,3.493,3.493
18199,3.493,3.493
18200,3.493,3.493
18201,3.493,3.493
18202,3.493,3.493
18203,3.493,3.493
18204,3.493,3.493
18205,3.493,3.493
18206,3.493,3.493
18207,3.493,3.493
18208,3.493,3.493
18209,3.493,3.493
18210,3.493,3.493
18211,3.493,3.493
18212,3.493,3.493
18213,3.493,3.493
18214,3.493,3.493
18215,3.493,3.493
18216,3.493,3.493
18217,3.493,3.493
18218,3.493,3.493
18219,3.493,3.493
18220,3.493,3.493
18221,3.493,3.493
18222,3.493,3.493
18223,3.493,3.493
18224,3.493,3.493
18225,3.493,3.493
18226,3.493,3.493
18227,3.493,3.493
18228,3.493,3.493
18229,3.493,3.493
18230,3.493,3.493
18231,3.493,3.493
18232,3.493,3.493
18233,3.493,3.493
18234,3.493,3.493
18235,3.493,3.493
18236,3.493,3.493
18237,3.493,3.493
18238,3.493,3.493
18239,3.493,3.493
18240,3.493,3.493
18241,3.493,3.493
18242,3.493,3.493
18243,3.493,3.493
18244,3.493,3.493
18245,3.493,3.493
18246,3.493,3.493
18247,3.493,3.493
18248,3.493,3.493
18249,3.493,3.493
18250,3.493,3.493
18251,3.493,3.493
18252,3.493,3.493
18253,3.493,3.493
18254,3.493,3.493
18255,3.493,3.493
18256,3.493,3.493
18257,3.493,3.493
18258,3.493,3.493
18259,3.493,3.493
18260,3.493,3.493
18261,3.493,3.493
18262,3.493,3.493
18263,3.493,3.493
18264,3.493,3.493
18265,3.493,3.493
18266,3.493,3.493
18267,3.493,3.493
18268,3.493,3.493
18269,3.493,3.493
18270,3.493,3.493
18271,3.493,3.493
18272,3.493,3.493
18273,3.493,3.493
18274,3.493,3.493
18275,3.493,3.493
18276,3.493,3.493
18277,3.493,3.493
18278,3.493,3.493
18279,3.493,3.493
18280,3.493,3.493
18281,3.493,3.493
18282,3.493,3.493
18283,3.493,3.493
18284,3.493,3.493
18285,3.493,3.493
18286,3.493,3.493
18287,3.493,3.493
18288,3.493,3.493
18289,3.493,3.493
18290,3.493,3.493
18291,3.493,3.493
18292,3.493,3.493
18293,3.493,3.493
18294,3.493,3.493
18295,3.493,3.493
18296,3.493,3.493
18297,3.493,3.493
18298,3.493,3.493
18299,3.493,3.493
18300,3.493,3.493
18301,3.493,3.493
18302,3.493,3.493
18303,3.493,3.493
18304,3.493,3.493
18305,3.493,3.493
18306,3.493,3.493
18307,3.493,3.493
18308,3.493,3.493
18309,3.493,3.493
18310,3.493,3.493
18311,3.493,3.493
18312,3.493,3.493
18313,3.493,3.493
18314,3.493,3.493
18315,3.493,3.493
18316,3.493,3.493
18317,3.493,3.493
18318,3.493,3.493
18319,3.493,3.493
18320,3.493,3.493
18321,3.493,3.493
18322,3.493,3.493
18323,3.493,3.493
18324,3.493,3.493
18325,3.493,3.493
18326,3.493,3.493
18327,3.493,3.493
18328,3.493,3.493
18329,3.493,3.493
18330,3.493,3.493
18331,3.493,3.493
18332,3.493,3.493
18333,3.493,3.493
18334,3.493,3.493
18335,3.493,3.493
18336,3.493,3.493
18337,3.493,3.493
18338,3.493,3.493
18339,3.493,3.493
18340,3.493,3.493
18341,3.493,3.493
18342,3.493,3.493
18343,3.493,3.493
18344,3.493,3.493
18345,3.493,3.493
18346,3.493,3.493
18347,3.493,3.493
18348,3.493,3.493
18349,3.493,3.493
18350,3.493,3.493
18351,3.493,3.493
18352,3.493,3.493
18353,3.493,3.493
18354,3.493,3.493
18355,3.493,3.493
18356,3.493,3.493
18357,3.493,3.493
18358,3.493,3.493
18359,3.493,3.493
18360,3.493,3.493
18361,3.493,3.493
18362,3.493,3.493
18363,3.493,3.493
18364,3.493,3.493
18365,3.493,3.493
18366,3.493,3.493
18367,3.493,3.493
18368,3.493,3.493
18369,3.493,3.493
18370,3.493,3.493
18371,3.493,3.493
18372,3.493,3.493
18373,3.493,3.493
18374,3.493,3.493
18375,3.493,3.493
18376,3.493,3.493
18377,3.493,3.493
18378,3.493,3.493
18379,3.493,3.493
18380,3.493,3.493
18381,3.493,3.493
18382,3.493,3.493
18383,3.493,3.493
18384,3.493,3.493
18385,3.493,3.493
18386,3.493,3.493
18387,3.493,3.493
18388,3.493,3.493
18389,3.493,3.493
18390,3.493,3.493
18391,3.493,3.493
18392,3.493,3.493
18393,3.493,3.493
18394,3.493,3.493
18395,3.493,3.493
18396,3.493,3.493
18397,3.493,3.493
18398,3.493,3.493
18399,3.493,3.493
18400,3.493,3.493
18401,3.493,3.493
18402,3.493,3.493
18403,3.493,3.493
18404,3.493,3.493
18405,3.493,3.493
18406,3.493,3.493
18407,3.493,3.493
18408,3.493,3.493
18409,3.493,3.493
18410,3.493,3.493
18411,3.493,3.493
18412,3.493,3.493
18413,3.493,3.493
18414,3.493,3.493
18415,3.493,3.493
18416,3.493,3.493
18417,3.493,3.493
18418,3.493,3.493
18419,3.493,3.493
18420,3.493,3.493
18421,3.493,3.493
18422,3.493,3.493
18423,3.493,3.493
18424,3.493,3.493
18425,3.493,3.493
18426,3.493,3.493
18427,3.493,3.493
18428,3.493,3.493
18429,3.493,3.493
18430,3.493,3.493
18431,3.493,3.493
18432,3.493,3.493
18433,3.493,3.493
18434,3.493,3.493
18435,3.493,3.493
18436,3.493,3.493
18437,3.493,3.493
18438,3.493,3.493
18439,3.493,3.493
18440,3.493,3.493
18441,3.493,3.493
18442,3.493,3.493
18443,3.493,3.493
18444,3.493,3.493
18445,3.493,3.493
18446,3.493,3.493
18447,3.493,3.493
18448,3.493,3.493
18449,3.493,3.493
18450,3.493,3.493
18451,3.493,3.493
18452,3.493,3.493
18453,3.493,3.493
18454,3.493,3.493
18455,3.493,3.493
18456,3.493,3.493
18457,3.493,3.493
18458,3.493,3.493
18459,3.493,3.493
18460,3.493,3.493
18461,3.493,3.493
18462,3.493,3.493
18463,3.493,3.493
18464,3.493,3.493
18465,3.493,3.493
18466,3.493,3.493
18467,3.493,3.493
18468,3.493,3.493
18469,3.493,3.493
18470,3.493,3.493
18471,3.493,3.493
18472,3.493,3.493
18473,3.493,3.493
18474,3.493,3.493
18475,3.493,3.493
18476,3.493,3.493
18477,3.493,3.493
18478,3.493,3.493
18479,3.493,3.493
18480,3.493,3.493
18481,3.493,3.493
18482,3.493,3.493
18483,3.493,3.493
18484,3.493,3.493
18485,3.493,3.493
18486,3.493,3.493
18487,3.493,3.493
18488,3.493,3.493
18489,3.493,3.493
18490,3.493,3.493
18491,3.493,3.493
18492,3.493,3.493
18493,3.493,3.493
18494,3.493,3.493
18495,3.493,3.493
18496,3.493,3.493
18497,3.493,3.493
18498,3.493,3.493
18499,3.493,3.493
18500,3.493,3.493
18501,3.493,3.493
18502,3.493,3.493
18503,3.493,3.493
18504,3.493,3.493
18505,3.493,3.493
18506,3.493,3.493
18507,3.493,3.493
18508,3.493,3.493
18509,3.493,3.493
18510,3.493,3.493
18511,3.493,3.493
18512,3.493,3.493
18513,3.493,3.493
18514,3.493,3.493
18515,3.493,3.493
18516,3.493,3.493
18517,3.493,3.493
18518,3.493,3.493
18519,3.493,3.493
18520,3.493,3.493
18521,3.493,3.493
18522,3.493,3.493
18523,3.493,3.493
18524,3.493,3.493
18525,3.493,3.493
18526,3.493,3.493
18527,3.493,3.493
18528,3.493,3.493
18529,3.493,3.493
18530,3.493,3.493
18531,3.493,3.493
18532,3.493,3.493
18533,3.493,3.493
18534,3.493,3.493
18535,3.493,3.493
18536,3.493,3.493
18537,3.493,3.493
18538,3.493,3.493
18539,3.493,3.493
18540,3.493,3.493
18541,3.493,3.493
18542,3.493,3.493
18543,3.493,3.493
18544,3.493,3.493
18545,3.493,3.493
18546,3.493,3.493
18547,3.493,3.493
18548,3.493,3.493
18549,3.493,3.493
18550,3.493,3.493
18551,3.493,3.493
18552,3.493,3.493
18553,3.493,3.493
18554,3.493,3.493
18555,3.493,3.493
18556,3.493,3.493
18557,3.493,3.493
18558,3.493,3.493
18559,3.493,3.493
18560,3.493,3.493
18561,3.493,3.493
18562,3.493,3.493
18563,3.493,3.493
18564,3.493,3.493
18565,3.493,3.493
18566,3.493,3.493
18567,3.493,3.493
18568,3.493,3.493
18569,3.493,3.493
18570,3.493,3.493
18571,3.493,3.493
18572,3.493,3.493
18573,3.493,3.493
18574,3.493,3.493
18575,3.493,3.493
18576,3.493,3.493
18577,3.493,3.493
18578,3.493,3.493
18579,3.493,3.493
18580,3.493,3.493
18581,3.493,3.493
18582,3.493,3.493
18583,3.493,3.493
18584,3.493,3.493
18585,3.493,3.493
18586,3.493,3.493
18587,3.493,3.493
18588,3.493,3.493
18589,3.493,3.493
18590,3.493,3.493
18591,3.493,3.493
18592,3.493,3.493
18593,3.493,3.493
18594,3.493,3.493
18595,3.493,3.493
18596,3.493,3.493
18597,3.493,3.493
18598,3.493,3.493
18599,3.493,3.493
18600,3.493,3.493
18601,3.493,3.493
18602,3.493,3.493
18603,3.493,3.493
18604,3.493,3.493
18605,3.493,3.493
18606,3.493,3.493
18607,3.493,3.493
18608,3.493,3.493
18609,3.493,3.493
18610,3.493,3.493
18611,3.493,3.493
18612,3.493,3.493
18613,3.493,3.493
18614,3.493,3.493
18615,3.493,3.493
18616,3.493,3.493
18617,3.493,3.493
18618,3.493,3.493
18619,3.493,3.493
18620,3.493,3.493
18621,3.493,3.493
18622,3.493,3.493
18623,3.493,3.493
18624,3.493,3.493
18625,3.493,3.493
18626,3.493,3.493
18627,3.493,3.493
18628,3.493,3.493
18629,3.493,3.493
18630,3.493,3.493
18631,3.493,3.493
18632,3.493,3.493
18633,3.493,3.493
18634,3.493,3.493
18635,3.493,3.493
18636,3.493,3.493
18637,3.493,3.493
18638,3.493,3.493
18639,3.493,3.493
18640,3.493,3.493
18641,3.493,3.493
18642,3.493,3.493
18643,3.493,3.493
18644,3.493,3.493
18645,3.493,3.493
18646,3.493,3.493
18647,3.493,3.493
18648,3.493,3.493
18649,3.493,3.493
18650,3.493,3.493
18651,3.493,3.493
18652,3.493,3.493
18653,3.493,3.493
18654,3.493,3.493
18655,3.493,3.493
18656,3.493,3.493
18657,3.493,3.493
18658,3.493,3.493
18659,3.493,3.493
18660,3.493,3.493
18661,3.493,3.493
18662,3.493,3.493
18663,3.493,3.493
18664,3.493,3.493
18665,3.493,3.493
18666,3.493,3.493
18667,3.493,3.493
18668,3.493,3.493
18669,3.493,3.493
18670,3.493,3.493
18671,3.493,3.493
18672,3.493,3.493
18673,3.493,3.493
18674,3.493,3.493
18675,3.493,3.493
18676,3.493,3.493
18677,3.493,3.493
18678,3.493,3.493
18679,3.493,3.493
18680,3.493,3.493
18681,3.493,3.493
18682,3.493,3.493
18683,3.493,3.493
18684,3.493,3.493
18685,3.493,3.493
18686,3.493,3.493
18687,3.493,3.493
18688,3.493,3.493
18689,3.493,3.493
18690,3.493,3.493
18691,3.493,3.493
18692,3.493,3.493
18693,3.493,3.493
18694,3.493,3.493
18695,3.493,3.493
18696,3.493,3.493
18697,3.493,3.493
18698,3.493,3.493
18699,3.493,3.493
18700,3.493,3.493
18701,3.493,3.493
18702,3.493,3.493
18703,3.493,3.493
18704,3.493,3.493
18705,3.493,3.493
18706,3.493,3.493
18707,3.493,3.493
18708,3.493,3.493
18709,3.493,3.493
18710,3.493,3.493
18711,3.493,3.493
18712,3.493,3.493
18713,3.493,3.493
18714,3.493,3.493
18715,3.493,3.493
18716,3.493,3.493
18717,3.493,3.493
18718,3.493,3.493
18719,3.493,3.493
18720,3.493,3.493
18721,3.493,3.493
18722,3.493,3.493
18723,3.493,3.493
18724,3.493,3.493
18725,3.493,3.493
18726,3.493,3.493
18727,3.493,3.493
18728,3.493,3.493
18729,3.493,3.493
18730,3.493,3.493
18731,3.493,3.493
18732,3.493,3.493
18733,3.493,3.493
18734,3.493,3.493
18735,3.493,3.493
18736,3.493,3.493
18737,3.493,3.493
18738,3.493,3.493
18739,3.493,3.493
18740,3.493,3.493
18741,3.493,3.493
18742,3.493,3.493
18743,3.493,3.493
18744,3.493,3.493
18745,3.493,3.493
18746,3.493,3.493
18747,3.493,3.493
18748,3.493,3.493
18749,3.493,3.493
18750,3.493,3.493
18751,3.493,3.493
18752,3.493,3.493
18753,3.493,3.493
18754,3.493,3.493
18755,3.493,3.493
18756,3.493,3.493
18757,3.493,3.493
18758,3.493,3.493
18759,3.493,3.493
18760,3.493,3.493
18761,3.493,3.493
18762,3.493,3.493
18763,3.493,3.493
18764,3.493,3.493
18765,3.493,3.493
18766,3.493,3.493
18767,3.493,3.493
18768,3.493,3.493
18769,3.493,3.493
18770,3.493,3.493
18771,3.493,3.493
18772,3.493,3.493
18773,3.493,3.493
18774,3.493,3.493
18775,3.493,3.493
18776,3.493,3.493
18777,3.493,3.493
18778,3.493,3.493
18779,3.493,3.493
18780,3.493,3.493
18781,3.493,3.493
18782,3.493,3.493
18783,3.493,3.493
18784,3.493,3.493
18785,3.493,3.493
18786,3.493,3.493
18787,3.493,3.493
18788,3.493,3.493
18789,3.493,3.493
18790,3.493,3.493
18791,3.493,3.493
18792,3.493,3.493
18793,3.493,3.493
18794,3.493,3.493
18795,3.493,3.493
18796,3.493,3.493
18797,3.493,3.493
18798,3.493,3.493
18799,3.493,3.493
18800,3.493,3.493
18801,3.493,3.493
18802,3.493,3.493
18803,3.493,3.493
18804,3.493,3.493
18805,3.493,3.493
18806,3.493,3.493
18807,3.493,3.493
18808,3.493,3.493
18809,3.493,3.493
18810,3.493,3.493
18811,3.493,3.493
18812,3.493,3.493
18813,3.493,3.493
18814,3.493,3.493
18815,3.493,3.493
18816,3.493,3.493
18817,3.493,3.493
18818,3.493,3.493
18819,3.493,3.493
18820,3.493,3.493
18821,3.493,3.493
18822,3.493,3.493
18823,3.493,3.493
18824,3.493,3.493
18825,3.493,3.493
18826,3.493,3.493
18827,3.493,3.493
18828,3.493,3.493
18829,3.493,3.493
18830,3.493,3.493
18831,3.493,3.493
18832,3.493,3.493
18833,3.493,3.493
18834,3.493,3.493
18835,3.493,3.493
18836,3.493,3.493
18837,3.493,3.493
18838,3.493,3.493
18839,3.493,3.493
18840,3.493,3.493
18841,3.493,3.493
18842,3.493,3.493
18843,3.493,3.493
18844,3.493,3.493
18845,3.493,3.493
18846,3.493,3.493
18847,3.493,3.493
18848,3.493,3.493
18849,3.493,3.493
18850,3.493,3.493
18851,3.493,3.493
18852,3.493,3.493
18853,3.493,3.493
18854,3.493,3.493
18855,3.493,3.493
18856,3.493,3.493
18857,3.493,3.493
18858,3.493,3.493
18859,3.493,3.493
18860,3.493,3.493
18861,3.493,3.493
18862,3.493,3.493
18863,3.493,3.493
18864,3.493,3.493
18865,3.493,3.493
18866,3.493,3.493
18867,3.493,3.493
18868,3.493,3.493
18869,3.493,3.493
18870,3.493,3.493
18871,3.493,3.493
18872,3.493,3.493
18873,3.493,3.493
18874,3.493,3.493
18875,3.493,3.493
18876,3.493,3.493
18877,3.493,3.493
18878,3.493,3.493
18879,3.493,3.493
18880,3.493,3.493
18881,3.493,3.493
18882,3.493,3.493
18883,3.493,3.493
18884,3.493,3.493
18885,3.493,3.493
18886,3.493,3.493
18887,3.493,3.493
18888,3.493,3.493
18889,3.493,3.493
18890,3.493,3.493
18891,3.493,3.493
18892,3.493,3.493
18893,3.493,3.493
18894,3.493,3.493
18895,3.493,3.493
18896,3.493,3.493
18897,3.493,3.493
18898,3.493,3.493
18899,3.493,3.493
18900,3.493,3.493
18901,3.493,3.493
18902,3.493,3.493
18903,3.493,3.493
18904,3.493,3.493
18905,3.493,3.493
18906,3.493,3.493
18907,3.493,3.493
18908,3.493,3.493
18909,3.493,3.493
18910,3.493,3.493
18911,3.493,3.493
18912,3.493,3.493
18913,3.493,3.493
18914,3.493,3.493
18915,3.493,3.493
18916,3.493,3.493
18917,3.493,3.493
18918,3.493,3.493
18919,3.493,3.493
18920,3.493,3.493
18921,3.493,3.493
18922,3.493,3.493
18923,3.493,3.493
18924,3.493,3.493
18925,3.493,3.493
18926,3.493,3.493
18927,3.493,3.493
18928,3.493,3.493
18929,3.493,3.493
18930,3.493,3.493
18931,3.493,3.493
18932,3.493,3.493
18933,3.493,3.493
18934,3.493,3.493
18935,3.493,3.493
18936,3.493,3.493
18937,3.493,3.493
18938,3.493,3.493
18939,3.493,3.493
18940,3.493,3.493
18941,3.493,3.493
18942,3.493,3.493
18943,3.493,3.493
18944,3.493,3.493
18945,3.493,3.493
18946,3.493,3.493
18947,3.493,3.493
18948,3.493,3.493
18949,3.493,3.493
18950,3.493,3.493
18951,3.493,3.493
18952,3.493,3.493
18953,3.493,3.493
18954,3.493,3.493
18955,3.493,3.493
18956,3.493,3.493
18957,3.493,3.493
18958,3.493,3.493
18959,3.493,3.493
18960,3.493,3.493
18961,3.493,3.493
18962,3.493,3.493
18963,3.493,3.493
18964,3.493,3.493
18965,3.493,3.493
18966,3.493,3.493
18967,3.493,3.493
18968,3.493,3.493
18969,3.493,3.493
18970,3.493,3.493
18971,3.493,3.493
18972,3.493,3.493
18973,3.493,3.493
18974,3.493,3.493
18975,3.493,3.493
18976,3.493,3.493
18977,3.493,3.493
18978,3.493,3.493
18979,3.493,3.493
18980,3.493,3.493
18981,3.493,3.493
18982,3.493,3.493
18983,3.493,3.493
18984,3.493,3.493
18985,3.493,3.493
18986,3.493,3.493
18987,3.493,3.493
18988,3.493,3.493
18989,3.493,3.493
18990,3.493,3.493
18991,3.493,3.493
18992,3.493,3.493
18993,3.493,3.493
18994,3.493,3.493
18995,3.493,3.493
18996,3.493,3.493
18997,3.493,3.493
18998,3.493,3.493
18999,3.493,3.493
19000,3.493,3.493
19001,3.493,3.493
19002,3.493,3.493
19003,3.493,3.493
19004,3.493,3.493
19005,3.493,3.493
19006,3.493,3.493
19007,3.493,3.493
19008,3.493,3.493
19009,3.493,3.493
19010,3.493,3.493
19011,3.493,3.493
19012,3.493,3.493
19013,3.493,3.493
19014,3.493,3.493
19015,3.493,3.493
19016,3.493,3.493
19017,3.493,3.493
19018,3.493,3.493
19019,3.493,3.493
19020,3.493,3.493
19021,3.493,3.493
19022,3.493,3.493
19023,3.493,3.493
19024,3.493,3.493
19025,3.493,3.493
19026,3.493,3.493
19027,3.493,3.493
19028,3.493,3.493
19029,3.493,3.493
19030,3.493,3.493
19031,3.493,3.493
19032,3.493,3.493
19033,3.493,3.493
19034,3.493,3.493
19035,3.493,3.493
19036,3.493,3.493
19037,3.493,3.493
19038,3.493,3.493
19039,3.493,3.493
19040,3.493,3.493
19041,3.493,3.493
19042,3.493,3.493
19043,3.493,3.493
19044,3.493,3.493
19045,3.493,3.493
19046,3.493,3.493
19047,3.493,3.493
19048,3.493,3.493
19049,3.493,3.493
19050,3.493,3.493
19051,3.493,3.493
19052,3.493,3.493
19053,3.493,3.493
19054,3.493,3.493
19055,3.493,3.493
19056,3.493,3.493
19057,3.493,3.493
19058,3.493,3.493
19059,3.493,3.493
19060,3.493,3.493
19061,3.493,3.493
19062,3.493,3.493
19063,3.493,3.493
19064,3.493,3.493
19065,3.493,3.493
19066,3.493,3.493
19067,3.493,3.493
19068,3.493,3.493
19069,3.493,3.493
19070,3.493,3.493
19071,3.493,3.493
19072,3.493,3.493
19073,3.493,3.493
19074,3.493,3.493
19075,3.493,3.493
19076,3.493,3.493
19077,3.493,3.493
19078,3.493,3.493
19079,3.493,3.493
19080,3.493,3.493
19081,3.493,3.493
19082,3.493,3.493
19083,3.493,3.493
19084,3.493,3.493
19085,3.493,3.493
19086,3.493,3.493
19087,3.493,3.493
19088,3.493,3.493
19089,3.493,3.493
19090,3.493,3.493
19091,3.493,3.493
19092,3.493,3.493
19093,3.493,3.493
19094,3.493,3.493
19095,3.493,3.493
19096,3.493,3.493
19097,3.493,3.493
19098,3.493,3.493
19099,3.493,3.493
19100,3.493,3.493
19101,3.493,3.493
19102,3.493,3.493
19103,3.493,3.493
19104,3.493,3.493
19105,3.493,3.493
19106,3.493,3.493
19107,3.493,3.493
19108,3.493,3.493
19109,3.493,3.493
19110,3.493,3.493
19111,3.493,3.493
19112,3.493,3.493
19113,3.493,3.493
19114,3.493,3.493
19115,3.493,3.493
19116,3.493,3.493
19117,3.493,3.493
19118,3.493,3.493
19119,3.493,3.493
19120,3.493,3.493
19121,3.493,3.493
19122,3.493,3.493
19123,3.493,3.493
19124,3.493,3.493
19125,3.493,3.493
19126,3.493,3.493
19127,3.493,3.493
19128,3.493,3.493
19129,3.493,3.493
19130,3.493,3.493
19131,3.493,3.493
19132,3.493,3.493
19133,3.493,3.493
19134,3.493,3.493
19135,3.493,3.493
19136,3.493,3.493
19137,3.493,3.493
19138,3.493,3.493
19139,3.493,3.493
19140,3.493,3.493
19141,3.493,3.493
19142,3.493,3.493
19143,3.493,3.493
19144,3.493,3.493
19145,3.493,3.493
19146,3.493,3.493
19147,3.493,3.493
19148,3.493,3.493
19149,3.493,3.493
19150,3.493,3.493
19151,3.493,3.493
19152,3.493,3.493
19153,3.493,3.493
19154,3.493,3.493
19155,3.493,3.493
19156,3.493,3.493
19157,3.493,3.493
19158,3.493,3.493
19159,3.493,3.493
19160,3.493,3.493
19161,3.493,3.493
19162,3.493,3.493
19163,3.493,3.493
19164,3.493,3.493
19165,3.493,3.493
19166,3.493,3.493
19167,3.493,3.493
19168,3.493,3.493
19169,3.493,3.493
19170,3.493,3.493
19171,3.493,3.493
19172,3.493,3.493
19173,3.493,3.493
19174,3.493,3.493
19175,3.493,3.493
19176,3.493,3.493
19177,3.493,3.493
19178,3.493,3.493
19179,3.493,3.493
19180,3.493,3.493
19181,3.493,3.493
19182,3.493,3.493
19183,3.493,3.493
19184,3.493,3.493
19185,3.493,3.493
19186,3.493,3.493
19187,3.493,3.493
19188,3.493,3.493
19189,3.493,3.493
19190,3.493,3.493
19191,3.493,3.493
19192,3.493,3.493
19193,3.493,3.493
19194,3.493,3.493
19195,3.493,3.493
19196,3.493,3.493
19197,3.493,3.493
19198,3.493,3.493
19199,3.493,3.493
19200,3.493,3.493
19201,3.493,3.493
19202,3.493,3.493
19203,3.493,3.493
19204,3.493,3.493
19205,3.493,3.493
19206,3.493,3.493
19207,3.493,3.493
19208,3.493,3.493
19209,3.493,3.493
19210,3.493,3.493
19211,3.493,3.493
19212,3.493,3.493
19213,3.493,3.493
19214,3.493,3.493
19215,3.493,3.493
19216,3.493,3.493
19217,3.493,3.493
19218,3.493,3.493
19219,3.493,3.493
19220,3.493,3.493
19221,3.493,3.493
19222,3.493,3.493
19223,3.493,3.493
19224,3.493,3.493
19225,3.493,3.493
19226,3.493,3.493
19227,3.493,3.493
19228,3.493,3.493
19229,3.493,3.493
19230,3.493,3.493
19231,3.493,3.493
19232,3.493,3.493
19233,3.493,3.493
19234,3.493,3.493
19235,3.493,3.493
19236,3.493,3.493
19237,3.493,3.493
19238,3.493,3.493
19239,3.493,3.493
19240,3.493,3.493
19241,3.493,3.493
19242,3.493,3.493
19243,3.493,3.493
19244,3.493,3.493
19245,3.493,3.493
19246,3.493,3.493
19247,3.493,3.493
19248,3.493,3.493
19249,3.493,3.493
19250,3.493,3.493
19251,3.493,3.493
19252,3.493,3.493
19253,3.493,3.493
19254,3.493,3.493
19255,3.493,3.493
19256,3.493,3.493
19257,3.493,3.493
19258,3.493,3.493
19259,3.493,3.493
19260,3.493,3.493
19261,3.493,3.493
19262,3.493,3.493
19263,3.493,3.493
19264,3.493,3.493
19265,3.493,3.493
19266,3.493,3.493
19267,3.493,3.493
19268,3.493,3.493
19269,3.493,3.493
19270,3.493,3.493
19271,3.493,3.493
19272,3.493,3.493
19273,3.493,3.493
19274,3.493,3.493
19275,3.493,3.493
19276,3.493,3.493
19277,3.493,3.493
19278,3.493,3.493
19279,3.493,3.493
19280,3.493,3.493
19281,3.493,3.493
19282,3.493,3.493
19283,3.493,3.493
19284,3.493,3.493
19285,3.493,3.493
19286,3.493,3.493
19287,3.493,3.493
19288,3.493,3.493
19289,3.493,3.493
19290,3.493,3.493
19291,3.493,3.493
19292,3.493,3.493
19293,3.493,3.493
19294,3.493,3.493
19295,3.493,3.493
19296,3.493,3.493
19297,3.493,3.493
19298,3.493,3.493
19299,3.493,3.493
19300,3.493,3.493
19301,3.493,3.493
19302,3.493,3.493
19303,3.493,3.493
19304,3.493,3.493
19305,3.493,3.493
19306,3.493,3.493
19307,3.493,3.493
19308,3.493,3.493
19309,3.493,3.493
19310,3.493,3.493
19311,3.493,3.493
19312,3.493,3.493
19313,3.493,3.493
19314,3.493,3.493
19315,3.493,3.493
19316,3.493,3.493
19317,3.493,3.493
19318,3.493,3.493
19319,3.493,3.493
19320,3.493,3.493
19321,3.493,3.493
19322,3.493,3.493
19323,3.493,3.493
19324,3.493,3.493
19325,3.493,3.493
19326,3.493,3.493
19327,3.493,3.493
19328,3.493,3.493
19329,3.493,3.493
19330,3.493,3.493
19331,3.493,3.493
19332,3.493,3.493
19333,3.493,3.493
19334,3.493,3.493
19335,3.493,3.493
19336,3.493,3.493
19337,3.493,3.493
19338,3.493,3.493
19339,3.493,3.493
19340,3.493,3.493
19341,3.493,3.493
19342,3.493,3.493
19343,3.493,3.493
19344,3.493,3.493
19345,3.493,3.493
19346,3.493,3.493
19347,3.493,3.493
19348,3.493,3.493
19349,3.493,3.493
19350,3.493,3.493
19351,3.493,3.493
19352,3.493,3.493
19353,3.493,3.493
19354,3.493,3.493
19355,3.493,3.493
19356,3.493,3.493
19357,3.493,3.493
19358,3.493,3.493
19359,3.493,3.493
19360,3.493,3.493
19361,3.493,3.493
19362,3.493,3.493
19363,3.493,3.493
19364,3.493,3.493
19365,3.493,3.493
19366,3.493,3.493
19367,3.493,3.493
19368,3.493,3.493
19369,3.493,3.493
19370,3.493,3.493
19371,3.493,3.493
19372,3.493,3.493
19373,3.493,3.493
19374,3.493,3.493
19375,3.493,3.493
19376,3.493,3.493
19377,3.493,3.493
19378,3.493,3.493
19379,3.493,3.493
19380,3.493,3.493
19381,3.493,3.493
19382,3.493,3.493
19383,3.493,3.493
19384,3.493,3.493
19385,3.493,3.493
19386,3.493,3.493
19387,3.493,3.493
19388,3.493,3.493
19389,3.493,3.493
19390,3.493,3.493
19391,3.493,3.493
19392,3.493,3.493
19393,3.493,3.493
19394,3.493,3.493
19395,3.493,3.493
19396,3.493,3.493
19397,3.493,3.493
19398,3.493,3.493
19399,3.493,3.493
19400,3.493,3.493
19401,3.493,3.493
19402,3.493,3.493
19403,3.493,3.493
19404,3.493,3.493
19405,3.493,3.493
19406,3.493,3.493
19407,3.493,3.493
19408,3.493,3.493
19409,3.493,3.493
19410,3.493,3.493
19411,3.493,3.493
19412,3.493,3.493
19413,3.493,3.493
19414,3.493,3.493
19415,3.493,3.493
19416,3.493,3.493
19417,3.493,3.493
19418,3.493,3.493
19419,3.493,3.493
19420,3.493,3.493
19421,3.493,3.493
19422,3.493,3.493
19423,3.493,3.493
19424,3.493,3.493
19425,3.493,3.493
19426,3.493,3.493
19427,3.493,3.493
19428,3.493,3.493
19429,3.493,3.493
19430,3.493,3.493
19431,3.493,3.493
19432,3.493,3.493
19433,3.493,3.493
19434,3.493,3.493
19435,3.493,3.493
19436,3.493,3.493
19437,3.493,3.493
19438,3.493,3.493
19439,3.493,3.493
19440,3.493,3.493
19441,3.493,3.493
19442,3.493,3.493
19443,3.493,3.493
19444,3.493,3.493
19445,3.493,3.493
19446,3.493,3.493
19447,3.493,3.493
19448,3.493,3.493
19449,3.493,3.493
19450,3.493,3.493
19451,3.493,3.493
19452,3.493,3.493
19453,3.493,3.493
19454,3.493,3.493
19455,3.493,3.493
19456,3.493,3.493
19457,3.493,3.493
19458,3.493,3.493
19459,3.493,3.493
19460,3.493,3.493
19461,3.493,3.493
19462,3.493,3.493
19463,3.493,3.493
19464,3.493,3.493
19465,3.493,3.493
19466,3.493,3.493
19467,3.493,3.493
19468,3.493,3.493
19469,3.493,3.493
19470,3.493,3.493
19471,3.493,3.493
19472,3.493,3.493
19473,3.493,3.493
19474,3.493,3.493
19475,3.493,3.493
19476,3.493,3.493
19477,3.493,3.493
19478,3.493,3.493
19479,3.493,3.493
19480,3.493,3.493
19481,3.493,3.493
19482,3.493,3.493
19483,3.493,3.493
19484,3.493,3.493
19485,3.493,3.493
19486,3.493,3.493
19487,3.493,3.493
19488,3.493,3.493
19489,3.493,3.493
19490,3.493,3.493
19491,3.493,3.493
19492,3.493,3.493
19493,3.493,3.493
19494,3.493,3.493
19495,3.493,3.493
19496,3.493,3.493
19497,3.493,3.493
19498,3.493,3.493
19499,3.493,3.493
19500,3.493,3.493
19501,3.493,3.493
19502,3.493,3.493
19503,3.493,3.493
19504,3.493,3.493
19505,3.493,3.493
19506,3.493,3.493
19507,3.493,3.493
19508,3.493,3.493
19509,3.493,3.493
19510,3.493,3.493
19511,3.493,3.493
19512,3.493,3.493
19513,3.493,3.493
19514,3.493,3.493
19515,3.493,3.493
19516,3.493,3.493
19517,3.493,3.493
19518,3.493,3.493
19519,3.493,3.493
19520,3.493,3.493
19521,3.493,3.493
19522,3.493,3.493
19523,3.493,3.493
19524,3.493,3.493
19525,3.493,3.493
19526,3.493,3.493
19527,3.493,3.493
19528,3.493,3.493
19529,3.493,3.493
19530,3.493,3.493
19531,3.493,3.493
19532,3.493,3.493
19533,3.493,3.493
19534,3.493,3.493
19535,3.493,3.493
19536,3.493,3.493
19537,3.493,3.493
19538,3.493,3.493
19539,3.493,3.493
19540,3.493,3.493
19541,3.493,3.493
19542,3.493,3.493
19543,3.493,3.493
19544,3.493,3.493
19545,3.493,3.493
19546,3.493,3.493
19547,3.493,3.493
19548,3.493,3.493
19549,3.493,3.493
19550,3.493,3.493
19551,3.493,3.493
19552,3.493,3.493
19553,3.493,3.493
19554,3.493,3.493
19555,3.493,3.493
19556,3.493,3.493
19557,3.493,3.493
19558,3.493,3.493
19559,3.493,3.493
19560,3.493,3.493
19561,3.493,3.493
19562,3.493,3.493
19563,3.493,3.493
19564,3.493,3.493
19565,3.493,3.493
19566,3.493,3.493
19567,3.493,3.493
19568,3.493,3.493
19569,3.493,3.493
19570,3.493,3.493
19571,3.493,3.493
19572,3.493,3.493
19573,3.493,3.493
19574,3.493,3.493
19575,3.493,3.493
19576,3.493,3.493
19577,3.493,3.493
19578,3.493,3.493
19579,3.493,3.493
19580,3.493,3.493
19581,3.493,3.493
19582,3.493,3.493
19583,3.493,3.493
19584,3.493,3.493
19585,3.493,3.493
19586,3.493,3.493
19587,3.493,3.493
19588,3.493,3.493
19589,3.493,3.493
19590,3.493,3.493
19591,3.493,3.493
19592,3.493,3.493
19593,3.493,3.493
19594,3.493,3.493
19595,3.493,3.493
19596,3.493,3.493
19597,3.493,3.493
19598,3.493,3.493
19599,3.493,3.493
19600,3.493,3.493
19601,3.493,3.493
19602,3.493,3.493
19603,3.493,3.493
19604,3.493,3.493
19605,3.493,3.493
19606,3.493,3.493
19607,3.493,3.493
19608,3.493,3.493
19609,3.493,3.493
19610,3.493,3.493
19611,3.493,3.493
19612,3.493,3.493
19613,3.493,3.493
19614,3.493,3.493
19615,3.493,3.493
19616,3.493,3.493
19617,3.493,3.493
19618,3.493,3.493
19619,3.493,3.493
19620,3.493,3.493
19621,3.493,3.493
19622,3.493,3.493
19623,3.493,3.493
19624,3.493,3.493
19625,3.493,3.493
19626,3.493,3.493
19627,3.493,3.493
19628,3.493,3.493
19629,3.493,3.493
19630,3.493,3.493
19631,3.493,3.493
19632,3.493,3.493
19633,3.493,3.493
19634,3.493,3.493
19635,3.493,3.493
19636,3.493,3.493
19637,3.493,3.493
19638,3.493,3.493
19639,3.493,3.493
19640,3.493,3.493
19641,3.493,3.493
19642,3.493,3.493
19643,3.493,3.493
19644,3.493,3.493
19645,3.493,3.493
19646,3.493,3.493
19647,3.493,3.493
19648,3.493,3.493
19649,3.493,3.493
19650,3.493,3.493
19651,3.493,3.493
19652,3.493,3.493
19653,3.493,3.493
19654,3.493,3.493
19655,3.493,3.493
19656,3.493,3.493
19657,3.493,3.493
19658,3.493,3.493
19659,3.493,3.493
19660,3.493,3.493
19661,3.493,3.493
19662,3.493,3.493
19663,3.493,3.493
19664,3.493,3.493
19665,3.493,3.493
19666,3.493,3.493
19667,3.493,3.493
19668,3.493,3.493
19669,3.493,3.493
19670,3.493,3.493
19671,3.493,3.493
19672,3.493,3.493
19673,3.493,3.493
19674,3.493,3.493
19675,3.493,3.493
19676,3.493,3.493
19677,3.493,3.493
19678,3.493,3.493
19679,3.493,3.493
19680,3.493,3.493
19681,3.493,3.493
19682,3.493,3.493
19683,3.493,3.493
19684,3.493,3.493
19685,3.493,3.493
19686,3.493,3.493
19687,3.493,3.493
19688,3.493,3.493
19689,3.493,3.493
19690,3.493,3.493
19691,3.493,3.493
19692,3.493,3.493
19693,3.493,3.493
19694,3.493,3.493
19695,3.493,3.493
19696,3.493,3.493
19697,3.493,3.493
19698,3.493,3.493
19699,3.493,3.493
19700,3.493,3.493
19701,3.493,3.493
19702,3.493,3.493
19703,3.493,3.493
19704,3.493,3.493
19705,3.493,3.493
19706,3.493,3.493
19707,3.493,3.493
19708,3.493,3.493
19709,3.493,3.493
19710,3.493,3.493
19711,3.493,3.493
19712,3.493,3.493
19713,3.493,3.493
19714,3.493,3.493
19715,3.493,3.493
19716,3.493,3.493
19717,3.493,3.493
19718,3.493,3.493
19719,3.493,3.493
19720,3.493,3.493
19721,3.493,3.493
19722,3.493,3.493
19723,3.493,3.493
19724,3.493,3.493
19725,3.493,3.493
19726,3.493,3.493
19727,3.493,3.493
19728,3.493,3.493
19729,3.493,3.493
19730,3.493,3.493
19731,3.493,3.493
19732,3.493,3.493
19733,3.493,3.493
19734,3.493,3.493
19735,3.493,3.493
19736,3.493,3.493
19737,3.493,3.493
19738,3.493,3.493
19739,3.493,3.493
19740,3.493,3.493
19741,3.493,3.493
19742,3.493,3.493
19743,3.493,3.493
19744,3.493,3.493
19745,3.493,3.493
19746,3.493,3.493
19747,3.493,3.493
19748,3.493,3.493
19749,3.493,3.493
19750,3.493,3.493
19751,3.493,3.493
19752,3.493,3.493
19753,3.493,3.493
19754,3.493,3.493
19755,3.493,3.493
19756,3.493,3.493
19757,3.493,3.493
19758,3.493,3.493
19759,3.493,3.493
19760,3.493,3.493
19761,3.493,3.493
19762,3.493,3.493
19763,3.493,3.493
19764,3.493,3.493
19765,3.493,3.493
19766,3.493,3.493
19767,3.493,3.493
19768,3.493,3.493
19769,3.493,3.493
19770,3.493,3.493
19771,3.493,3.493
19772,3.493,3.493
19773,3.493,3.493
19774,3.493,3.493
19775,3.493,3.493
19776,3.493,3.493
19777,3.493,3.493
19778,3.493,3.493
19779,3.493,3.493
19780,3.493,3.493
19781,3.493,3.493
19782,3.493,3.493
19783,3.493,3.493
19784,3.493,3.493
19785,3.493,3.493
19786,3.493,3.493
19787,3.493,3.493
19788,3.493,3.493
19789,3.493,3.493
19790,3.493,3.493
19791,3.493,3.493
19792,3.493,3.493
19793,3.493,3.493
19794,3.493,3.493
19795,3.493,3.493
19796,3.493,3.493
19797,3.493,3.493
19798,3.493,3.493
19799,3.493,3.493
19800,3.493,3.493
19801,3.493,3.493
19802,3.493,3.493
19803,3.493,3.493
19804,3.493,3.493
19805,3.493,3.493
19806,3.493,3.493
19807,3.493,3.493
19808,3.493,3.493
19809,3.493,3.493
19810,3.493,3.493
19811,3.493,3.493
19812,3.493,3.493
19813,3.493,3.493
19814,3.493,3.493
19815,3.493,3.493
19816,3.493,3.493
19817,3.493,3.493
19818,3.493,3.493
19819,3.493,3.493
19820,3.493,3.493
19821,3.493,3.493
19822,3.493,3.493
19823,3.493,3.493
19824,3.493,3.493
19825,3.493,3.493
19826,3.493,3.493
19827,3.493,3.493
19828,3.493,3.493
19829,3.493,3.493
19830,3.493,3.493
19831,3.493,3.493
19832,3.493,3.493
19833,3.493,3.493
19834,3.493,3.493
19835,3.493,3.493
19836,3.493,3.493
19837,3.493,3.493
19838,3.493,3.493
19839,3.493,3.493
19840,3.493,3.493
19841,3.493,3.493
19842,3.493,3.493
19843,3.493,3.493
19844,3.493,3.493
19845,3.493,3.493
19846,3.493,3.493
19847,3.493,3.493
19848,3.493,3.493
19849,3.493,3.493
19850,3.493,3.493
19851,3.493,3.493
19852,3.493,3.493
19853,3.493,3.493
19854,3.493,3.493
19855,3.493,3.493
19856,3.493,3.493
19857,3.493,3.493
19858,3.493,3.493
19859,3.493,3.493
19860,3.493,3.493
19861,3.493,3.493
19862,3.493,3.493
19863,3.493,3.493
19864,3.493,3.493
19865,3.493,3.493
19866,3.493,3.493
19867,3.493,3.493
19868,3.493,3.493
19869,3.493,3.493
19870,3.493,3.493
19871,3.493,3.493
19872,3.493,3.493
19873,3.493,3.493
19874,3.493,3.493
19875,3.493,3.493
19876,3.493,3.493
19877,3.493,3.493
19878,3.493,3.493
19879,3.493,3.493
19880,3.493,3.493
19881,3.493,3.493
19882,3.493,3.493
19883,3.493,3.493
19884,3.493,3.493
19885,3.493,3.493
19886,3.493,3.493
19887,3.493,3.493
19888,3.493,3.493
19889,3.493,3.493
19890,3.493,3.493
19891,3.493,3.493
19892,3.493,3.493
19893,3.493,3.493
19894,3.493,3.493
19895,3.493,3.493
19896,3.493,3.493
19897,3.493,3.493
19898,3.493,3.493
19899,3.493,3.493
19900,3.493,3.493
19901,3.493,3.493
19902,3.493,3.493
19903,3.493,3.493
19904,3.493,3.493
19905,3.493,3.493
19906,3.493,3.493
19907,3.493,3.493
19908,3.493,3.493
19909,3.493,3.493
19910,3.493,3.493
19911,3.493,3.493
19912,3.493,3.493
19913,3.493,3.493
19914,3.493,3.493
19915,3.493,3.493
19916,3.493,3.493
19917,3.493,3.493
19918,3.493,3.493
19919,3.493,3.493
19920,3.493,3.493
19921,3.493,3.493
19922,3.493,3.493
19923,3.493,3.493
19924,3.493,3.493
19925,3.493,3.493
19926,3.493,3.493
19927,3.493,3.493
19928,3.493,3.493
19929,3.493,3.493
19930,3.493,3.493
19931,3.493,3.493
19932,3.493,3.493
19933,3.493,3.493
19934,3.493,3.493
19935,3.493,3.493
19936,3.493,3.493
19937,3.493,3.493
19938,3.493,3.493
19939,3.493,3.493
19940,3.493,3.493
19941,3.493,3.493
19942,3.493,3.493
19943,3.493,3.493
19944,3.493,3.493
19945,3.493,3.493
19946,3.493,3.493
19947,3.493,3.493
19948,3.493,3.493
19949,3.493,3.493
19950,3.493,3.493
19951,3.493,3.493
19952,3.493,3.493
19953,3.493,3.493
19954,3.493,3.493
19955,3.493,3.493
19956,3.493,3.493
19957,3.493,3.493
19958,3.493,3.493
19959,3.493,3.493
19960,3.493,3.493
19961,3.493,3.493
19962,3.493,3.493
19963,3.493,3.493
19964,3.493,3.493
19965,3.493,3.493
19966,3.493,3.493
19967,3.493,3.493
19968,3.493,3.493
19969,3.493,3.493
19970,3.493,3.493
19971,3.493,3.493
19972,3.493,3.493
19973,3.493,3.493
19974,3.493,3.493
19975,3.493,3.493
19976,3.493,3.493
19977,3.493,3.493
19978,3.493,3.493
19979,3.493,3.493
19980,3.493,3.493
19981,3.493,3.493
19982,3.493,3.493
19983,3.493,3.493
19984,3.493,3.493
19985,3.493,3.493
19986,3.493,3.493
19987,3.493,3.493
19988,3.493,3.493
19989,3.493,3.493
19990,3.493,3.493
19991,3.493,3.493
19992,3.493,3.493
19993,3.493,3.493
19994,3.493,3.493
19995,3.493,3.493
19996,3.493,3.493
19997,3.493,3.493
19998,3.493,3.493
19999,3.493,3.493
20000,3.493,3.493
20001,3.493,3.493
20002,3.493,3.493
20003,3.493,3.493
20004,3.493,3.493
20005,3.493,3.493
20006,3.493,3.493
20007,3.493,3.493
20008,3.493,3.493
20009,3.493,3.493
20010,3.493,3.493
20011,3.493,3.493
20012,3.493,3.493
20013,3.493,3.493
20014,3.493,3.493
20015,3.493,3.493
20016,3.493,3.493
20017,3.493,3.493
20018,3.493,3.493
20019,3.493,3.493
20020,3.493,3.493
20021,3.493,3.493
20022,3.493,3.493
20023,3.493,3.493
20024,3.493,3.493
20025,3.493,3.493
20026,3.493,3.493
20027,3.493,3.493
20028,3.493,3.493
20029,3.493,3.493
20030,3.493,3.493
20031,3.493,3.493
20032,3.493,3.493
20033,3.493,3.493
20034,3.493,3.493
20035,3.493,3.493
20036,3.493,3.493
20037,3.493,3.493
20038,3.493,3.493
20039,3.493,3.493
20040,3.493,3.493
20041,3.493,3.493
20042,3.493,3.493
20043,3.493,3.493
20044,3.493,3.493
20045,3.493,3.493
20046,3.493,3.493
20047,3.493,3.493
20048,3.493,3.493
20049,3.493,3.493
20050,3.493,3.493
20051,3.493,3.493
20052,3.493,3.493
20053,3.493,3.493
20054,3.493,3.493
20055,3.493,3.493
20056,3.493,3.493
20057,3.493,3.493
20058,3.493,3.493
20059,3.493,3.493
20060,3.493,3.493
20061,3.493,3.493
20062,3.493,3.493
20063,3.493,3.493
20064,3.493,3.493
20065,3.493,3.493
20066,3.493,3.493
20067,3.493,3.493
20068,3.493,3.493
20069,3.493,3.493
20070,3.493,3.493
20071,3.493,3.493
20072,3.493,3.493
20073,3.493,3.493
20074,3.493,3.493
20075,3.493,3.493
20076,3.493,3.493
20077,3.493,3.493
20078,3.493,3.493
20079,3.493,3.493
20080,3.493,3.493
20081,3.493,3.493
20082,3.493,3.493
20083,3.493,3.493
20084,3.493,3.493
20085,3.493,3.493
20086,3.493,3.493
20087,3.493,3.493
20088,3.493,3.493
20089,3.493,3.493
20090,3.493,3.493
20091,3.493,3.493
20092,3.493,3.493
20093,3.493,3.493
20094,3.493,3.493
20095,3.493,3.493
20096,3.493,3.493
20097,3.493,3.493
20098,3.493,3.493
20099,3.493,3.493
20100,3.493,3.493
20101,3.493,3.493
20102,3.493,3.493
20103,3.493,3.493
20104,3.493,3.493
20105,3.493,3.493
20106,3.493,3.493
20107,3.493,3.493
20108,3.493,3.493
20109,3.493,3.493
20110,3.493,3.493
20111,3.493,3.493
20112,3.493,3.493
20113,3.493,3.493
20114,3.493,3.493
20115,3.493,3.493
20116,3.493,3.493
20117,3.493,3.493
20118,3.493,3.493
20119,3.493,3.493
20120,3.493,3.493
20121,3.493,3.493
20122,3.493,3.493
20123,3.493,3.493
20124,3.493,3.493
20125,3.493,3.493
20126,3.493,3.493
20127,3.493,3.493
20128,3.493,3.493
20129,3.493,3.493
20130,3.493,3.493
20131,3.493,3.493
20132,3.493,3.493
20133,3.493,3.493
20134,3.493,3.493
20135,3.493,3.493
20136,3.493,3.493
20137,3.493,3.493
20138,3.493,3.493
20139,3.493,3.493
20140,3.493,3.493
20141,3.493,3.493
20142,3.493,3.493
20143,3.493,3.493
20144,3.493,3.493
20145,3.493,3.493
20146,3.493,3.493
20147,3.493,3.493
20148,3.493,3.493
20149,3.493,3.493
20150,3.493,3.493
20151,3.493,3.493
20152,3.493,3.493
20153,3.493,3.493
20154,3.493,3.493
20155,3.493,3.493
20156,3.493,3.493
20157,3.493,3.493
20158,3.493,3.493
20159,3.493,3.493
20160,3.493,3.493
20161,3.493,3.493
20162,3.493,3.493
20163,3.493,3.493
20164,3.493,3.493
20165,3.493,3.493
20166,3.493,3.493
20167,3.493,3.493
20168,3.493,3.493
20169,3.493,3.493
20170,3.493,3.493
20171,3.493,3.493
20172,3.493,3.493
20173,3.493,3.493
20174,3.493,3.493
20175,3.493,3.493
20176,3.493,3.493
20177,3.493,3.493
20178,3.493,3.493
20179,3.493,3.493
20180,3.493,3.493
20181,3.493,3.493
20182,3.493,3.493
20183,3.493,3.493
20184,3.493,3.493
20185,3.493,3.493
20186,3.493,3.493
20187,3.493,3.493
20188,3.493,3.493
20189,3.493,3.493
20190,3.493,3.493
20191,3.493,3.493
20192,3.493,3.493
20193,3.493,3.493
20194,3.493,3.493
20195,3.493,3.493
20196,3.493,3.493
20197,3.493,3.493
20198,3.493,3.493
20199,3.493,3.493
20200,3.493,3.493
20201,3.493,3.493
20202,3.493,3.493
20203,3.493,3.493
20204,3.493,3.493
20205,3.493,3.493
20206,3.493,3.493
20207,3.493,3.493
20208,3.493,3.493
20209,3.493,3.493
20210,3.493,3.493
20211,3.493,3.493
20212,3.493,3.493
20213,3.493,3.493
20214,3.493,3.493
20215,3.493,3.493
20216,3.493,3.493
20217,3.493,3.493
20218,3.493,3.493
20219,3.493,3.493
20220,3.493,3.493
20221,3.493,3.493
20222,3.493,3.493
20223,3.493,3.493
20224,3.493,3.493
20225,3.493,3.493
20226,3.493,3.493
20227,3.493,3.493
20228,3.493,3.493
20229,3.493,3.493
20230,3.493,3.493
20231,3.493,3.493
20232,3.493,3.493
20233,3.493,3.493
20234,3.493,3.493
20235,3.493,3.493
20236,3.493,3.493
20237,3.493,3.493
20238,3.493,3.493
20239,3.493,3.493
20240,3.493,3.493
20241,3.493,3.493
20242,3.493,3.493
20243,3.493,3.493
20244,3.493,3.493
20245,3.493,3.493
20246,3.493,3.493
20247,3.493,3.493
20248,3.493,3.493
20249,3.493,3.493
20250,3.493,3.493
20251,3.493,3.493
20252,3.493,3.493
20253,3.493,3.493
20254,3.493,3.493
20255,3.493,3.493
20256,3.493,3.493
20257,3.493,3.493
20258,3.493,3.493
20259,3.493,3.493
20260,3.493,3.493
20261,3.493,3.493
20262,3.493,3.493
20263,3.493,3.493
20264,3.493,3.493
20265,3.493,3.493
20266,3.493,3.493
20267,3.493,3.493
20268,3.493,3.493
20269,3.493,3.493
20270,3.493,3.493
20271,3.493,3.493
20272,3.493,3.493
20273,3.493,3.493
20274,3.493,3.493
20275,3.493,3.493
20276,3.493,3.493
20277,3.493,3.493
20278,3.493,3.493
20279,3.493,3.493
20280,3.493,3.493
20281,3.493,3.493
20282,3.493,3.493
20283,3.493,3.493
20284,3.493,3.493
20285,3.493,3.493
20286,3.493,3.493
20287,3.493,3.493
20288,3.493,3.493
20289,3.493,3.493
20290,3.493,3.493
20291,3.493,3.493
20292,3.493,3.493
20293,3.493,3.493
20294,3.493,3.493
20295,3.493,3.493
20296,3.493,3.493
20297,3.493,3.493
20298,3.493,3.493
20299,3.493,3.493
20300,3.493,3.493
20301,3.493,3.493
20302,3.493,3.493
20303,3.493,3.493
20304,3.493,3.493
20305,3.493,3.493
20306,3.493,3.493
20307,3.493,3.493
20308,3.493,3.493
20309,3.493,3.493
20310,3.493,3.493
20311,3.493,3.493
20312,3.493,3.493
20313,3.493,3.493
20314,3.493,3.493
20315,3.493,3.493
20316,3.493,3.493
20317,3.493,3.493
20318,3.493,3.493
20319,3.493,3.493
20320,3.493,3.493
20321,3.493,3.493
20322,3.493,3.493
20323,3.493,3.493
20324,3.493,3.493
20325,3.493,3.493
20326,3.493,3.493
20327,3.493,3.493
20328,3.493,3.493
20329,3.493,3.493
20330,3.493,3.493
20331,3.493,3.493
20332,3.493,3.493
20333,3.493,3.493
20334,3.493,3.493
20335,3.493,3.493
20336,3.493,3.493
20337,3.493,3.493
20338,3.493,3.493
20339,3.493,3.493
20340,3.493,3.493
20341,3.493,3.493
20342,3.493,3.493
20343,3.493,3.493
20344,3.493,3.493
20345,3.493,3.493
20346,3.493,3.493
20347,3.493,3.493
20348,3.493,3.493
20349,3.493,3.493
20350,3.493,3.493
20351,3.493,3.493
20352,3.493,3.493
20353,3.493,3.493
20354,3.493,3.493
20355,3.493,3.493
20356,3.493,3.493
20357,3.493,3.493
20358,3.493,3.493
20359,3.493,3.493
20360,3.493,3.493
20361,3.493,3.493
20362,3.493,3.493
20363,3.493,3.493
20364,3.493,3.493
20365,3.493,3.493
20366,3.493,3.493
20367,3.493,3.493
20368,3.493,3.493
20369,3.493,3.493
20370,3.493,3.493
20371,3.493,3.493
20372,3.493,3.493
20373,3.493,3.493
20374,3.493,3.493
20375,3.493,3.493
20376,3.493,3.493
20377,3.493,3.493
20378,3.493,3.493
20379,3.493,3.493
20380,3.493,3.493
20381,3.493,3.493
20382,3.493,3.493
20383,3.493,3.493
20384,3.493,3.493
20385,3.493,3.493
20386,3.493,3.493
20387,3.493,3.493
20388,3.493,3.493
20389,3.493,3.493
20390,3.493,3.493
20391,3.493,3.493
20392,3.493,3.493
20393,3.493,3.493
20394,3.493,3.493
20395,3.493,3.493
20396,3.493,3.493
20397,3.493,3.493
20398,3.493,3.493
20399,3.493,3.493
20400,3.493,3.493
20401,3.493,3.493
20402,3.493,3.493
20403,3.493,3.493
20404,3.493,3.493
20405,3.493,3.493
20406,3.493,3.493
20407,3.493,3.493
20408,3.493,3.493
20409,3.493,3.493
20410,3.493,3.493
20411,3.493,3.493
20412,3.493,3.493
20413,3.493,3.493
20414,3.493,3.493
20415,3.493,3.493
20416,3.493,3.493
20417,3.493,3.493
20418,3.493,3.493
20419,3.493,3.493
20420,3.493,3.493
20421,3.493,3.493
20422,3.493,3.493
20423,3.493,3.493
20424,3.493,3.493
20425,3.493,3.493
20426,3.493,3.493
20427,3.493,3.493
20428,3.493,3.493
20429,3.493,3.493
20430,3.493,3.493
20431,3.493,3.493
20432,3.493,3.493
20433,3.493,3.493
20434,3.493,3.493
20435,3.493,3.493
20436,3.493,3.493
20437,3.493,3.493
20438,3.493,3.493
20439,3.493,3.493
20440,3.493,3.493
20441,3.493,3.493
20442,3.493,3.493
20443,3.493,3.493
20444,3.493,3.493
20445,3.493,3.493
20446,3.493,3.493
20447,3.493,3.493
20448,3.493,3.493
20449,3.493,3.493
20450,3.493,3.493
20451,3.493,3.493
20452,3.493,3.493
20453,3.493,3.493
20454,3.493,3.493
20455,3.493,3.493
20456,3.493,3.493
20457,3.493,3.493
20458,3.493,3.493
20459,3.493,3.493
20460,3.493,3.493
20461,3.493,3.493
20462,3.493,3.493
20463,3.493,3.493
20464,3.493,3.493
20465,3.493,3.493
20466,3.493,3.493
20467,3.493,3.493
20468,3.493,3.493
20469,3.493,3.493
20470,3.493,3.493
20471,3.493,3.493
20472,3.493,3.493
20473,3.493,3.493
20474,3.493,3.493
20475,3.493,3.493
20476,3.493,3.493
20477,3.493,3.493
20478,3.493,3.493
20479,3.493,3.493
20480,3.493,3.493
20481,3.493,3.493
20482,3.493,3.493
20483,3.493,3.493
20484,3.493,3.493
20485,3.493,3.493
20486,3.493,3.493
20487,3.493,3.493
20488,3.493,3.493
20489,3.493,3.493
20490,3.493,3.493
20491,3.493,3.493
20492,3.493,3.493
20493,3.493,3.493
20494,3.493,3.493
20495,3.493,3.493
20496,3.493,3.493
20497,3.493,3.493
20498,3.493,3.493
20499,3.493,3.493
20500,3.493,3.493
20501,3.493,3.493
20502,3.493,3.493
20503,3.493,3.493
20504,3.493,3.493
20505,3.493,3.493
20506,3.493,3.493
20507,3.493,3.493
20508,3.493,3.493
20509,3.493,3.493
20510,3.493,3.493
20511,3.493,3.493
20512,3.493,3.493
20513,3.493,3.493
20514,3.493,3.493
20515,3.493,3.493
20516,3.493,3.493
20517,3.493,3.493
20518,3.493,3.493
20519,3.493,3.493
20520,3.493,3.493
20521,3.493,3.493
20522,3.493,3.493
20523,3.493,3.493
20524,3.493,3.493
20525,3.493,3.493
20526,3.493,3.493
20527,3.493,3.493
20528,3.493,3.493
20529,3.493,3.493
20530,3.493,3.493
20531,3.493,3.493
20532,3.493,3.493
20533,3.493,3.493
20534,3.493,3.493
20535,3.493,3.493
20536,3.493,3.493
20537,3.493,3.493
20538,3.493,3.493
20539,3.493,3.493
20540,3.493,3.493
20541,3.493,3.493
20542,3.493,3.493
20543,3.493,3.493
20544,3.493,3.493
20545,3.493,3.493
20546,3.493,3.493
20547,3.493,3.493
20548,3.493,3.493
20549,3.493,3.493
20550,3.493,3.493
20551,3.493,3.493
20552,3.493,3.493
20553,3.493,3.493
20554,3.493,3.493
20555,3.493,3.493
20556,3.493,3.493
20557,3.493,3.493
20558,3.493,3.493
20559,3.493,3.493
20560,3.493,3.493
20561,3.493,3.493
20562,3.493,3.493
20563,3.493,3.493
20564,3.493,3.493
20565,3.493,3.493
20566,3.493,3.493
20567,3.493,3.493
20568,3.493,3.493
20569,3.493,3.493
20570,3.493,3.493
20571,3.493,3.493
20572,3.493,3.493
20573,3.493,3.493
20574,3.493,3.493
20575,3.493,3.493
20576,3.493,3.493
20577,3.493,3.493
20578,3.493,3.493
20579,3.493,3.493
20580,3.493,3.493
20581,3.493,3.493
20582,3.493,3.493
20583,3.493,3.493
20584,3.493,3.493
20585,3.493,3.493
20586,3.493,3.493
20587,3.493,3.493
20588,3.493,3.493
20589,3.493,3.493
20590,3.493,3.493
20591,3.493,3.493
20592,3.493,3.493
20593,3.493,3.493
20594,3.493,3.493
20595,3.493,3.493
20596,3.493,3.493
20597,3.493,3.493
20598,3.493,3.493
20599,3.493,3.493
20600,3.493,3.493
20601,3.493,3.493
20602,3.493,3.493
20603,3.493,3.493
20604,3.493,3.493
20605,3.493,3.493
20606,3.493,3.493
20607,3.493,3.493
20608,3.493,3.493
20609,3.493,3.493
20610,3.493,3.493
20611,3.493,3.493
20612,3.493,3.493
20613,3.493,3.493
20614,3.493,3.493
20615,3.493,3.493
20616,3.493,3.493
20617,3.493,3.493
20618,3.493,3.493
20619,3.493,3.493
20620,3.493,3.493
20621,3.493,3.493
20622,3.493,3.493
20623,3.493,3.493
20624,3.493,3.493
20625,3.493,3.493
20626,3.493,3.493
20627,3.493,3.493
20628,3.493,3.493
20629,3.493,3.493
20630,3.493,3.493
20631,3.493,3.493
20632,3.493,3.493
20633,3.493,3.493
20634,3.493,3.493
20635,3.493,3.493
20636,3.493,3.493
20637,3.493,3.493
20638,3.493,3.493
20639,3.493,3.493
20640,3.493,3.493
20641,3.493,3.493
20642,3.493,3.493
20643,3.493,3.493
20644,3.493,3.493
20645,3.493,3.493
20646,3.493,3.493
20647,3.493,3.493
20648,3.493,3.493
20649,3.493,3.493
20650,3.493,3.493
20651,3.493,3.493
20652,3.493,3.493
20653,3.493,3.493
20654,3.493,3.493
20655,3.493,3.493
20656,3.493,3.493
20657,3.493,3.493
20658,3.493,3.493
20659,3.493,3.493
20660,3.493,3.493
20661,3.493,3.493
20662,3.493,3.493
20663,3.493,3.493
20664,3.493,3.493
20665,3.493,3.493
20666,3.493,3.493
20667,3.493,3.493
20668,3.493,3.493
20669,3.493,3.493
20670,3.493,3.493
20671,3.493,3.493
20672,3.493,3.493
20673,3.493,3.493
20674,3.493,3.493
20675,3.493,3.493
20676,3.493,3.493
20677,3.493,3.493
20678,3.493,3.493
20679,3.493,3.493
20680,3.493,3.493
20681,3.493,3.493
20682,3.493,3.493
20683,3.493,3.493
20684,3.493,3.493
20685,3.493,3.493
20686,3.493,3.493
20687,3.493,3.493
20688,3.493,3.493
20689,3.493,3.493
20690,3.493,3.493
20691,3.493,3.493
20692,3.493,3.493
20693,3.493,3.493
20694,3.493,3.493
20695,3.493,3.493
20696,3.493,3.493
20697,3.493,3.493
20698,3.493,3.493
20699,3.493,3.493
20700,3.493,3.493
20701,3.493,3.493
20702,3.493,3.493
20703,3.493,3.493
20704,3.493,3.493
20705,3.493,3.493
20706,3.493,3.493
20707,3.493,3.493
20708,3.493,3.493
20709,3.493,3.493
20710,3.493,3.493
20711,3.493,3.493
20712,3.493,3.493
20713,3.493,3.493
20714,3.493,3.493
20715,3.493,3.493
20716,3.493,3.493
20717,3.493,3.493
20718,3.493,3.493
20719,3.493,3.493
20720,3.493,3.493
20721,3.493,3.493
20722,3.493,3.493
20723,3.493,3.493
20724,3.493,3.493
20725,3.493,3.493
20726,3.493,3.493
20727,3.493,3.493
20728,3.493,3.493
20729,3.493,3.493
20730,3.493,3.493
20731,3.493,3.493
20732,3.493,3.493
20733,3.493,3.493
20734,3.493,3.493
20735,3.493,3.493
20736,3.493,3.493
20737,3.493,3.493
20738,3.493,3.493
20739,3.493,3.493
20740,3.493,3.493
20741,3.493,3.493
20742,3.493,3.493
20743,3.493,3.493
20744,3.493,3.493
20745,3.493,3.493
20746,3.493,3.493
20747,3.493,3.493
20748,3.493,3.493
20749,3.493,3.493
20750,3.493,3.493
20751,3.493,3.493
20752,3.493,3.493
20753,3.493,3.493
20754,3.493,3.493
20755,3.493,3.493
20756,3.493,3.493
20757,3.493,3.493
20758,3.493,3.493
20759,3.493,3.493
20760,3.493,3.493
20761,3.493,3.493
20762,3.493,3.493
20763,3.493,3.493
20764,3.493,3.493
20765,3.493,3.493
20766,3.493,3.493
20767,3.493,3.493
20768,3.493,3.493
20769,3.493,3.493
20770,3.493,3.493
20771,3.493,3.493
20772,3.493,3.493
20773,3.493,3.493
20774,3.493,3.493
20775,3.493,3.493
20776,3.493,3.493
20777,3.493,3.493
20778,3.493,3.493
20779,3.493,3.493
20780,3.493,3.493
20781,3.493,3.493
20782,3.493,3.493
20783,3.493,3.493
20784,3.493,3.493
20785,3.493,3.493
20786,3.493,3.493
20787,3.493,3.493
20788,3.493,3.493
20789,3.493,3.493
20790,3.493,3.493
20791,3.493,3.493
20792,3.493,3.493
20793,3.493,3.493
20794,3.493,3.493
20795,3.493,3.493
20796,3.493,3.493
20797,3.493,3.493
20798,3.493,3.493
20799,3.493,3.493
20800,3.493,3.493
20801,3.493,3.493
20802,3.493,3.493
20803,3.493,3.493
20804,3.493,3.493
20805,3.493,3.493
20806,3.493,3.493
20807,3.493,3.493
20808,3.493,3.493
20809,3.493,3.493
20810,3.493,3.493
20811,3.493,3.493
20812,3.493,3.493
20813,3.493,3.493
20814,3.493,3.493
20815,3.493,3.493
20816,3.493,3.493
20817,3.493,3.493
20818,3.493,3.493
20819,3.493,3.493
20820,3.493,3.493
20821,3.493,3.493
20822,3.493,3.493
20823,3.493,3.493
20824,3.493,3.493
20825,3.493,3.493
20826,3.493,3.493
20827,3.493,3.493
20828,3.493,3.493
20829,3.493,3.493
20830,3.493,3.493
20831,3.493,3.493
20832,3.493,3.493
20833,3.493,3.493
20834,3.493,3.493
20835,3.493,3.493
20836,3.493,3.493
20837,3.493,3.493
20838,3.493,3.493
20839,3.493,3.493
20840,3.493,3.493
20841,3.493,3.493
20842,3.493,3.493
20843,3.493,3.493
20844,3.493,3.493
20845,3.493,3.493
20846,3.493,3.493
20847,3.493,3.493
20848,3.493,3.493
20849,3.493,3.493
20850,3.493,3.493
20851,3.493,3.493
20852,3.493,3.493
20853,3.493,3.493
20854,3.493,3.493
20855,3.493,3.493
20856,3.493,3.493
20857,3.493,3.493
20858,3.493,3.493
20859,3.493,3.493
20860,3.493,3.493
20861,3.493,3.493
20862,3.493,3.493
20863,3.493,3.493
20864,3.493,3.493
20865,3.493,3.493
20866,3.493,3.493
20867,3.493,3.493
20868,3.493,3.493
20869,3.493,3.493
20870,3.493,3.493
20871,3.493,3.493
20872,3.493,3.493
20873,3.493,3.493
20874,3.493,3.493
20875,3.493,3.493
20876,3.493,3.493
20877,3.493,3.493
20878,3.493,3.493
20879,3.493,3.493
20880,3.493,3.493
20881,3.493,3.493
20882,3.493,3.493
20883,3.493,3.493
20884,3.493,3.493
20885,3.493,3.493
20886,3.493,3.493
20887,3.493,3.493
20888,3.493,3.493
20889,3.493,3.493
20890,3.493,3.493
20891,3.493,3.493
20892,3.493,3.493
20893,3.493,3.493
20894,3.493,3.493
20895,3.493,3.493
20896,3.493,3.493
20897,3.493,3.493
20898,3.493,3.493
20899,3.493,3.493
20900,3.493,3.493
20901,3.493,3.493
20902,3.493,3.493
20903,3.493,3.493
20904,3.493,3.493
20905,3.493,3.493
20906,3.493,3.493
20907,3.493,3.493
20908,3.493,3.493
20909,3.493,3.493
20910,3.493,3.493
20911,3.493,3.493
20912,3.493,3.493
20913,3.493,3.493
20914,3.493,3.493
20915,3.493,3.493
20916,3.493,3.493
20917,3.493,3.493
20918,3.493,3.493
20919,3.493,3.493
20920,3.493,3.493
20921,3.493,3.493
20922,3.493,3.493
20923,3.493,3.493
20924,3.493,3.493
20925,3.493,3.493
20926,3.493,3.493
20927,3.493,3.493
20928,3.493,3.493
20929,3.493,3.493
20930,3.493,3.493
20931,3.493,3.493
20932,3.493,3.493
20933,3.493,3.493
20934,3.493,3.493
20935,3.493,3.493
20936,3.493,3.493
20937,3.493,3.493
20938,3.493,3.493
20939,3.493,3.493
20940,3.493,3.493
20941,3.493,3.493
20942,3.493,3.493
20943,3.493,3.493
20944,3.493,3.493
20945,3.493,3.493
20946,3.493,3.493
20947,3.493,3.493
20948,3.493,3.493
20949,3.493,3.493
20950,3.493,3.493
20951,3.493,3.493
20952,3.493,3.493
20953,3.493,3.493
20954,3.493,3.493
20955,3.493,3.493
20956,3.493,3.493
20957,3.493,3.493
20958,3.493,3.493
20959,3.493,3.493
20960,3.493,3.493
20961,3.493,3.493
20962,3.493,3.493
20963,3.493,3.493
20964,3.493,3.493
20965,3.493,3.493
20966,3.493,3.493
20967,3.493,3.493
20968,3.493,3.493
20969,3.493,3.493
20970,3.493,3.493
20971,3.493,3.493
20972,3.493,3.493
20973,3.493,3.493
20974,3.493,3.493
20975,3.493,3.493
20976,3.493,3.493
20977,3.493,3.493
20978,3.493,3.493
20979,3.493,3.493
20980,3.493,3.493
20981,3.493,3.493
20982,3.493,3.493
20983,3.493,3.493
20984,3.493,3.493
20985,3.493,3.493
20986,3.493,3.493
20987,3.493,3.493
20988,3.493,3.493
20989,3.493,3.493
20990,3.493,3.493
20991,3.493,3.493
20992,3.493,3.493
20993,3.493,3.493
20994,3.493,3.493
20995,3.493,3.493
20996,3.493,3.493
20997,3.493,3.493
20998,3.493,3.493
20999,3.493,3.493
21000,3.493,3.493
21001,3.493,3.493
21002,3.493,3.493
21003,3.493,3.493
21004,3.493,3.493
21005,3.493,3.493
21006,3.493,3.493
21007,3.493,3.493
21008,3.493,3.493
21009,3.493,3.493
21010,3.493,3.493
21011,3.493,3.493
21012,3.493,3.493
21013,3.493,3.493
21014,3.493,3.493
21015,3.493,3.493
21016,3.493,3.493
21017,3.493,3.493
21018,3.493,3.493
21019,3.493,3.493
21020,3.493,3.493
21021,3.493,3.493
21022,3.493,3.493
21023,3.493,3.493
21024,3.493,3.493
21025,3.493,3.493
21026,3.493,3.493
21027,3.493,3.493
21028,3.493,3.493
21029,3.493,3.493
21030,3.493,3.493
21031,3.493,3.493
21032,3.493,3.493
21033,3.493,3.493
21034,3.493,3.493
21035,3.493,3.493
21036,3.493,3.493
21037,3.493,3.493
21038,3.493,3.493
21039,3.493,3.493
21040,3.493,3.493
21041,3.493,3.493
21042,3.493,3.493
21043,3.493,3.493
21044,3.493,3.493
21045,3.493,3.493
21046,3.493,3.493
21047,3.493,3.493
21048,3.493,3.493
21049,3.493,3.493
21050,3.493,3.493
21051,3.493,3.493
21052,3.493,3.493
21053,3.493,3.493
21054,3.493,3.493
21055,3.493,3.493
21056,3.493,3.493
21057,3.493,3.493
21058,3.493,3.493
21059,3.493,3.493
21060,3.493,3.493
21061,3.493,3.493
21062,3.493,3.493
21063,3.493,3.493
21064,3.493,3.493
21065,3.493,3.493
21066,3.493,3.493
21067,3.493,3.493
21068,3.493,3.493
21069,3.493,3.493
21070,3.493,3.493
21071,3.493,3.493
21072,3.493,3.493
21073,3.493,3.493
21074,3.493,3.493
21075,3.493,3.493
21076,3.493,3.493
21077,3.493,3.493
21078,3.493,3.493
21079,3.493,3.493
21080,3.493,3.493
21081,3.493,3.493
21082,3.493,3.493
21083,3.493,3.493
21084,3.493,3.493
21085,3.493,3.493
21086,3.493,3.493
21087,3.493,3.493
21088,3.493,3.493
21089,3.493,3.493
21090,3.493,3.493
21091,3.493,3.493
21092,3.493,3.493
21093,3.493,3.493
21094,3.493,3.493
21095,3.493,3.493
21096,3.493,3.493
21097,3.493,3.493
21098,3.493,3.493
21099,3.493,3.493
21100,3.493,3.493
21101,3.493,3.493
21102,3.493,3.493
21103,3.493,3.493
21104,3.493,3.493
21105,3.493,3.493
21106,3.493,3.493
21107,3.493,3.493
21108,3.493,3.493
21109,3.493,3.493
21110,3.493,3.493
21111,3.493,3.493
21112,3.493,3.493
21113,3.493,3.493
21114,3.493,3.493
21115,3.493,3.493
21116,3.493,3.493
21117,3.493,3.493
21118,3.493,3.493
21119,3.493,3.493
21120,3.493,3.493
21121,3.493,3.493
21122,3.493,3.493
21123,3.493,3.493
21124,3.493,3.493
21125,3.493,3.493
21126,3.493,3.493
21127,3.493,3.493
21128,3.493,3.493
21129,3.493,3.493
21130,3.493,3.493
21131,3.493,3.493
21132,3.493,3.493
21133,3.493,3.493
21134,3.493,3.493
21135,3.493,3.493
21136,3.493,3.493
21137,3.493,3.493
21138,3.493,3.493
21139,3.493,3.493
21140,3.493,3.493
21141,3.493,3.493
21142,3.493,3.493
21143,3.493,3.493
21144,3.493,3.493
21145,3.493,3.493
21146,3.493,3.493
21147,3.493,3.493
21148,3.493,3.493
21149,3.493,3.493
21150,3.493,3.493
21151,3.493,3.493
21152,3.493,3.493
21153,3.493,3.493
21154,3.493,3.493
21155,3.493,3.493
21156,3.493,3.493
21157,3.493,3.493
21158,3.493,3.493
21159,3.493,3.493
21160,3.493,3.493
21161,3.493,3.493
21162,3.493,3.493
21163,3.493,3.493
21164,3.493,3.493
21165,3.493,3.493
21166,3.493,3.493
21167,3.493,3.493
21168,3.493,3.493
21169,3.493,3.493
21170,3.493,3.493
21171,3.493,3.493
21172,3.493,3.493
21173,3.493,3.493
21174,3.493,3.493
21175,3.493,3.493
21176,3.493,3.493
21177,3.493,3.493
21178,3.493,3.493
21179,3.493,3.493
21180,3.493,3.493
21181,3.493,3.493
21182,3.493,3.493
21183,3.493,3.493
21184,3.493,3.493
21185,3.493,3.493
21186,3.493,3.493
21187,3.493,3.493
21188,3.493,3.493
21189,3.493,3.493
21190,3.493,3.493
21191,3.493,3.493
21192,3.493,3.493
21193,3.493,3.493
21194,3.493,3.493
21195,3.493,3.493
21196,3.493,3.493
21197,3.493,3.493
21198,3.493,3.493
21199,3.493,3.493
21200,3.493,3.493
21201,3.493,3.493
21202,3.493,3.493
21203,3.493,3.493
21204,3.493,3.493
21205,3.493,3.493
21206,3.493,3.493
21207,3.493,3.493
21208,3.493,3.493
21209,3.493,3.493
21210,3.493,3.493
21211,3.493,3.493
21212,3.493,3.493
21213,3.493,3.493
21214,3.493,3.493
21215,3.493,3.493
21216,3.493,3.493
21217,3.493,3.493
21218,3.493,3.493
21219,3.493,3.493
21220,3.493,3.493
21221,3.493,3.493
21222,3.493,3.493
21223,3.493,3.493
21224,3.493,3.493
21225,3.493,3.493
21226,3.493,3.493
21227,3.493,3.493
21228,3.493,3.493
21229,3.493,3.493
21230,3.493,3.493
21231,3.493,3.493
21232,3.493,3.493
21233,3.493,3.493
21234,3.493,3.493
21235,3.493,3.493
21236,3.493,3.493
21237,3.493,3.493
21238,3.493,3.493
21239,3.493,3.493
21240,3.493,3.493
21241,3.493,3.493
21242,3.493,3.493
21243,3.493,3.493
21244,3.493,3.493
21245,3.493,3.493
21246,3.493,3.493
21247,3.493,3.493
21248,3.493,3.493
21249,3.493,3.493
21250,3.493,3.493
21251,3.493,3.493
21252,3.493,3.493
21253,3.493,3.493
21254,3.493,3.493
21255,3.493,3.493
21256,3.493,3.493
21257,3.493,3.493
21258,3.493,3.493
21259,3.493,3.493
21260,3.493,3.493
21261,3.493,3.493
21262,3.493,3.493
21263,3.493,3.493
21264,3.493,3.493
21265,3.493,3.493
21266,3.493,3.493
21267,3.493,3.493
21268,3.493,3.493
21269,3.493,3.493
21270,3.493,3.493
21271,3.493,3.493
21272,3.493,3.493
21273,3.493,3.493
21274,3.493,3.493
21275,3.493,3.493
21276,3.493,3.493
21277,3.493,3.493
21278,3.493,3.493
21279,3.493,3.493
21280,3.493,3.493
21281,3.493,3.493
21282,3.493,3.493
21283,3.493,3.493
21284,3.493,3.493
21285,3.493,3.493
21286,3.493,3.493
21287,3.493,3.493
21288,3.493,3.493
21289,3.493,3.493
21290,3.493,3.493
21291,3.493,3.493
21292,3.493,3.493
21293,3.493,3.493
21294,3.493,3.493
21295,3.493,3.493
21296,3.493,3.493
21297,3.493,3.493
21298,3.493,3.493
21299,3.493,3.493
21300,3.493,3.493
21301,3.493,3.493
21302,3.493,3.493
21303,3.493,3.493
21304,3.493,3.493
21305,3.493,3.493
21306,3.493,3.493
21307,3.493,3.493
21308,3.493,3.493
21309,3.493,3.493
21310,3.493,3.493
21311,3.493,3.493
21312,3.493,3.493
21313,3.493,3.493
21314,3.493,3.493
21315,3.493,3.493
21316,3.493,3.493
21317,3.493,3.493
21318,3.493,3.493
21319,3.493,3.493
21320,3.493,3.493
21321,3.493,3.493
21322,3.493,3.493
21323,3.493,3.493
21324,3.493,3.493
21325,3.493,3.493
21326,3.493,3.493
21327,3.493,3.493
21328,3.493,3.493
21329,3.493,3.493
21330,3.493,3.493
21331,3.493,3.493
21332,3.493,3.493
21333,3.493,3.493
21334,3.493,3.493
21335,3.493,3.493
21336,3.493,3.493
21337,3.493,3.493
21338,3.493,3.493
21339,3.493,3.493
21340,3.493,3.493
21341,3.493,3.493
21342,3.493,3.493
21343,3.493,3.493
21344,3.493,3.493
21345,3.493,3.493
21346,3.493,3.493
21347,3.493,3.493
21348,3.493,3.493
21349,3.493,3.493
21350,3.493,3.493
21351,3.493,3.493
21352,3.493,3.493
21353,3.493,3.493
21354,3.493,3.493
21355,3.493,3.493
21356,3.493,3.493
21357,3.493,3.493
21358,3.493,3.493
21359,3.493,3.493
21360,3.493,3.493
21361,3.493,3.493
21362,3.493,3.493
21363,3.493,3.493
21364,3.493,3.493
21365,3.493,3.493
21366,3.493,3.493
21367,3.493,3.493
21368,3.493,3.493
21369,3.493,3.493
21370,3.493,3.493
21371,3.493,3.493
21372,3.493,3.493
21373,3.493,3.493
21374,3.493,3.493
21375,3.493,3.493
21376,3.493,3.493
21377,3.493,3.493
21378,3.493,3.493
21379,3.493,3.493
21380,3.493,3.493
21381,3.493,3.493
21382,3.493,3.493
21383,3.493,3.493
21384,3.493,3.493
21385,3.493,3.493
21386,3.493,3.493
21387,3.493,3.493
21388,3.493,3.493
21389,3.493,3.493
21390,3.493,3.493
21391,3.493,3.493
21392,3.493,3.493
21393,3.493,3.493
21394,3.493,3.493
21395,3.493,3.493
21396,3.493,3.493
21397,3.493,3.493
21398,3.493,3.493
21399,3.493,3.493
21400,3.493,3.493
21401,3.493,3.493
21402,3.493,3.493
21403,3.493,3.493
21404,3.493,3.493
21405,3.493,3.493
21406,3.493,3.493
21407,3.493,3.493
21408,3.493,3.493
21409,3.493,3.493
21410,3.493,3.493
21411,3.493,3.493
21412,3.493,3.493
21413,3.493,3.493
21414,3.493,3.493
21415,3.493,3.493
21416,3.493,3.493
21417,3.493,3.493
21418,3.493,3.493
21419,3.493,3.493
21420,3.493,3.493
21421,3.493,3.493
21422,3.493,3.493
21423,3.493,3.493
21424,3.493,3.493
21425,3.493,3.493
21426,3.493,3.493
21427,3.493,3.493
21428,3.493,3.493
21429,3.493,3.493
21430,3.493,3.493
21431,3.493,3.493
21432,3.493,3.493
21433,3.493,3.493
21434,3.493,3.493
21435,3.493,3.493
21436,3.493,3.493
21437,3.493,3.493
21438,3.493,3.493
21439,3.493,3.493
21440,3.493,3.493
21441,3.493,3.493
21442,3.493,3.493
21443,3.493,3.493
21444,3.493,3.493
21445,3.493,3.493
21446,3.493,3.493
21447,3.493,3.493
21448,3.493,3.493
21449,3.493,3.493
21450,3.493,3.493
21451,3.493,3.493
21452,3.493,3.493
21453,3.493,3.493
21454,3.493,3.493
21455,3.493,3.493
21456,3.493,3.493
21457,3.493,3.493
21458,3.493,3.493
21459,3.493,3.493
21460,3.493,3.493
21461,3.493,3.493
21462,3.493,3.493
21463,3.493,3.493
21464,3.493,3.493
21465,3.493,3.493
21466,3.493,3.493
21467,3.493,3.493
21468,3.493,3.493
21469,3.493,3.493
21470,3.493,3.493
21471,3.493,3.493
21472,3.493,3.493
21473,3.493,3.493
21474,3.493,3.493
21475,3.493,3.493
21476,3.493,3.493
21477,3.493,3.493
21478,3.493,3.493
21479,3.493,3.493
21480,3.493,3.493
21481,3.493,3.493
21482,3.493,3.493
21483,3.493,3.493
21484,3.493,3.493
21485,3.493,3.493
21486,3.493,3.493
21487,3.493,3.493
21488,3.493,3.493
21489,3.493,3.493
21490,3.493,3.493
21491,3.493,3.493
21492,3.493,3.493
21493,3.493,3.493
21494,3.493,3.493
21495,3.493,3.493
21496,3.493,3.493
21497,3.493,3.493
21498,3.493,3.493
21499,3.493,3.493
21500,3.493,3.493
21501,3.493,3.493
21502,3.493,3.493
21503,3.493,3.493
21504,3.493,3.493
21505,3.493,3.493
21506,3.493,3.493
21507,3.493,3.493
21508,3.493,3.493
21509,3.493,3.493
21510,3.493,3.493
21511,3.493,3.493
21512,3.493,3.493
21513,3.493,3.493
21514,3.493,3.493
21515,3.493,3.493
21516,3.493,3.493
21517,3.493,3.493
21518,3.493,3.493
21519,3.493,3.493
21520,3.493,3.493
21521,3.493,3.493
21522,3.493,3.493
21523,3.493,3.493
21524,3.493,3.493
21525,3.493,3.493
21526,3.493,3.493
21527,3.493,3.493
21528,3.493,3.493
21529,3.493,3.493
21530,3.493,3.493
21531,3.493,3.493
21532,3.493,3.493
21533,3.493,3.493
21534,3.493,3.493
21535,3.493,3.493
21536,3.493,3.493
21537,3.493,3.493
21538,3.493,3.493
21539,3.493,3.493
21540,3.493,3.493
21541,3.493,3.493
21542,3.493,3.493
21543,3.493,3.493
21544,3.493,3.493
21545,3.493,3.493
21546,3.493,3.493
21547,3.493,3.493
21548,3.493,3.493
21549,3.493,3.493
21550,3.493,3.493
21551,3.493,3.493
21552,3.493,3.493
21553,3.493,3.493
21554,3.493,3.493
21555,3.493,3.493
21556,3.493,3.493
21557,3.493,3.493
21558,3.493,3.493
21559,3.493,3.493
21560,3.493,3.493
21561,3.493,3.493
21562,3.493,3.493
21563,3.493,3.493
21564,3.493,3.493
21565,3.493,3.493
21566,3.493,3.493
21567,3.493,3.493
21568,3.493,3.493
21569,3.493,3.493
21570,3.493,3.493
21571,3.493,3.493
21572,3.493,3.493
21573,3.493,3.493
21574,3.493,3.493
21575,3.493,3.493
21576,3.493,3.493
21577,3.493,3.493
21578,3.493,3.493
21579,3.493,3.493
21580,3.493,3.493
21581,3.493,3.493
21582,3.493,3.493
21583,3.493,3.493
21584,3.493,3.493
21585,3.493,3.493
21586,3.493,3.493
21587,3.493,3.493
21588,3.493,3.493
21589,3.493,3.493
21590,3.493,3.493
21591,3.493,3.493
21592,3.493,3.493
21593,3.493,3.493
21594,3.493,3.493
21595,3.493,3.493
21596,3.493,3.493
21597,3.493,3.493
21598,3.493,3.493
21599,3.493,3.493
21600,3.493,3.493
21601,3.493,3.493
21602,3.493,3.493
21603,3.493,3.493
21604,3.493,3.493
21605,3.493,3.493
21606,3.493,3.493
21607,3.493,3.493
21608,3.493,3.493
21609,3.493,3.493
21610,3.493,3.493
21611,3.493,3.493
21612,3.493,3.493
21613,3.493,3.493
21614,3.493,3.493
21615,3.493,3.493
21616,3.493,3.493
21617,3.493,3.493
21618,3.493,3.493
21619,3.493,3.493
21620,3.493,3.493
21621,3.493,3.493
21622,3.493,3.493
21623,3.493,3.493
21624,3.493,3.493
21625,3.493,3.493
21626,3.493,3.493
21627,3.493,3.493
21628,3.493,3.493
21629,3.493,3.493
21630,3.493,3.493
21631,3.493,3.493
21632,3.493,3.493
21633,3.493,3.493
21634,3.493,3.493
21635,3.493,3.493
21636,3.493,3.493
21637,3.493,3.493
21638,3.493,3.493
21639,3.493,3.493
21640,3.493,3.493
21641,3.493,3.493
21642,3.493,3.493
21643,3.493,3.493
21644,3.493,3.493
21645,3.493,3.493
21646,3.493,3.493
21647,3.493,3.493
21648,3.493,3.493
21649,3.493,3.493
21650,3.493,3.493
21651,3.493,3.493
21652,3.493,3.493
21653,3.493,3.493
21654,3.493,3.493
21655,3.493,3.493
21656,3.493,3.493
21657,3.493,3.493
21658,3.493,3.493
21659,3.493,3.493
21660,3.493,3.493
21661,3.493,3.493
21662,3.493,3.493
21663,3.493,3.493
21664,3.493,3.493
21665,3.493,3.493
21666,3.493,3.493
21667,3.493,3.493
21668,3.493,3.493
21669,3.493,3.493
21670,3.493,3.493
21671,3.493,3.493
21672,3.493,3.493
21673,3.493,3.493
21674,3.493,3.493
21675,3.493,3.493
21676,3.493,3.493
21677,3.493,3.493
21678,3.493,3.493
21679,3.493,3.493
21680,3.493,3.493
21681,3.493,3.493
21682,3.493,3.493
21683,3.493,3.493
21684,3.493,3.493
21685,3.493,3.493
21686,3.493,3.493
21687,3.493,3.493
21688,3.493,3.493
21689,3.493,3.493
21690,3.493,3.493
21691,3.493,3.493
21692,3.493,3.493
21693,3.493,3.493
21694,3.493,3.493
21695,3.493,3.493
21696,3.493,3.493
21697,3.493,3.493
21698,3.493,3.493
21699,3.493,3.493
21700,3.493,3.493
21701,3.493,3.493
21702,3.493,3.493
21703,3.493,3.493
21704,3.493,3.493
21705,3.493,3.493
21706,3.493,3.493
21707,3.493,3.493
21708,3.493,3.493
21709,3.493,3.493
21710,3.493,3.493
21711,3.493,3.493
21712,3.493,3.493
21713,3.493,3.493
21714,3.493,3.493
21715,3.493,3.493
21716,3.493,3.493
21717,3.493,3.493
21718,3.493,3.493
21719,3.493,3.493
21720,3.493,3.493
21721,3.493,3.493
21722,3.493,3.493
21723,3.493,3.493
21724,3.493,3.493
21725,3.493,3.493
21726,3.493,3.493
21727,3.493,3.493
21728,3.493,3.493
21729,3.493,3.493
21730,3.493,3.493
21731,3.493,3.493
21732,3.493,3.493
21733,3.493,3.493
21734,3.493,3.493
21735,3.493,3.493
21736,3.493,3.493
21737,3.493,3.493
21738,3.493,3.493
21739,3.493,3.493
21740,3.493,3.493
21741,3.493,3.493
21742,3.493,3.493
21743,3.493,3.493
21744,3.493,3.493
21745,3.493,3.493
21746,3.493,3.493
21747,3.493,3.493
21748,3.493,3.493
21749,3.493,3.493
21750,3.493,3.493
21751,3.493,3.493
21752,3.493,3.493
21753,3.493,3.493
21754,3.493,3.493
21755,3.493,3.493
21756,3.493,3.493
21757,3.493,3.493
21758,3.493,3.493
21759,3.493,3.493
21760,3.493,3.493
21761,3.493,3.493
21762,3.493,3.493
21763,3.493,3.493
21764,3.493,3.493
21765,3.493,3.493
21766,3.493,3.493
21767,3.493,3.493
21768,3.493,3.493
21769,3.493,3.493
21770,3.493,3.493
21771,3.493,3.493
21772,3.493,3.493
21773,3.493,3.493
21774,3.493,3.493
21775,3.493,3.493
21776,3.493,3.493
21777,3.493,3.493
21778,3.493,3.493
21779,3.493,3.493
21780,3.493,3.493
21781,3.493,3.493
21782,3.493,3.493
21783,3.493,3.493
21784,3.493,3.493
21785,3.493,3.493
21786,3.493,3.493
21787,3.493,3.493
21788,3.493,3.493
21789,3.493,3.493
21790,3.493,3.493
21791,3.493,3.493
21792,3.493,3.493
21793,3.493,3.493
21794,3.493,3.493
21795,3.493,3.493
21796,3.493,3.493
21797,3.493,3.493
21798,3.493,3.493
21799,3.493,3.493
21800,3.493,3.493
21801,3.493,3.493
21802,3.493,3.493
21803,3.493,3.493
21804,3.493,3.493
21805,3.493,3.493
21806,3.493,3.493
21807,3.493,3.493
21808,3.493,3.493
21809,3.493,3.493
21810,3.493,3.493
21811,3.493,3.493
21812,3.493,3.493
21813,3.493,3.493
21814,3.493,3.493
21815,3.493,3.493
21816,3.493,3.493
21817,3.493,3.493
21818,3.493,3.493
21819,3.493,3.493
21820,3.493,3.493
21821,3.493,3.493
21822,3.493,3.493
21823,3.493,3.493
21824,3.493,3.493
21825,3.493,3.493
21826,3.493,3.493
21827,3.493,3.493
21828,3.493,3.493
21829,3.493,3.493
21830,3.493,3.493
21831,3.493,3.493
21832,3.493,3.493
21833,3.493,3.493
21834,3.493,3.493
21835,3.493,3.493
21836,3.493,3.493
21837,3.493,3.493
21838,3.493,3.493
21839,3.493,3.493
21840,3.493,3.493
21841,3.493,3.493
21842,3.493,3.493
21843,3.493,3.493
21844,3.493,3.493
21845,3.493,3.493
21846,3.493,3.493
21847,3.493,3.493
21848,3.493,3.493
21849,3.493,3.493
21850,3.493,3.493
21851,3.493,3.493
21852,3.493,3.493
21853,3.493,3.493
21854,3.493,3.493
21855,3.493,3.493
21856,3.493,3.493
21857,3.493,3.493
21858,3.493,3.493
21859,3.493,3.493
21860,3.493,3.493
21861,3.493,3.493
21862,3.493,3.493
21863,3.493,3.493
21864,3.493,3.493
21865,3.493,3.493
21866,3.493,3.493
21867,3.493,3.493
21868,3.493,3.493
21869,3.493,3.493
21870,3.493,3.493
21871,3.493,3.493
21872,3.493,3.493
21873,3.493,3.493
21874,3.493,3.493
21875,3.493,3.493
21876,3.493,3.493
21877,3.493,3.493
21878,3.493,3.493
21879,3.493,3.493
21880,3.493,3.493
21881,3.493,3.493
21882,3.493,3.493
21883,3.493,3.493
21884,3.493,3.493
21885,3.493,3.493
21886,3.493,3.493
21887,3.493,3.493
21888,3.493,3.493
21889,3.493,3.493
21890,3.493,3.493
21891,3.493,3.493
21892,3.493,3.493
21893,3.493,3.493
21894,3.493,3.493
21895,3.493,3.493
21896,3.493,3.493
21897,3.493,3.493
21898,3.493,3.493
21899,3.493,3.493
21900,3.493,3.493
21901,3.493,3.493
21902,3.493,3.493
21903,3.493,3.493
21904,3.493,3.493
21905,3.493,3.493
21906,3.493,3.493
21907,3.493,3.493
21908,3.493,3.493
21909,3.493,3.493
21910,3.493,3.493
21911,3.493,3.493
21912,3.493,3.493
21913,3.493,3.493
21914,3.493,3.493
21915,3.493,3.493
21916,3.493,3.493
21917,3.493,3.493
21918,3.493,3.493
21919,3.493,3.493
21920,3.493,3.493
21921,3.493,3.493
21922,3.493,3.493
21923,3.493,3.493
21924,3.493,3.493
21925,3.493,3.493
21926,3.493,3.493
21927,3.493,3.493
21928,3.493,3.493
21929,3.493,3.493
21930,3.493,3.493
21931,3.493,3.493
21932,3.493,3.493
21933,3.493,3.493
21934,3.493,3.493
21935,3.493,3.493
21936,3.493,3.493
21937,3.493,3.493
21938,3.493,3.493
21939,3.493,3.493
21940,3.493,3.493
21941,3.493,3.493
21942,3.493,3.493
21943,3.493,3.493
21944,3.493,3.493
21945,3.493,3.493
21946,3.493,3.493
21947,3.493,3.493
21948,3.493,3.493
21949,3.493,3.493
21950,3.493,3.493
21951,3.493,3.493
21952,3.493,3.493
21953,3.493,3.493
21954,3.493,3.493
21955,3.493,3.493
21956,3.493,3.493
21957,3.493,3.493
21958,3.493,3.493
21959,3.493,3.493
21960,3.493,3.493
21961,3.493,3.493
21962,3.493,3.493
21963,3.493,3.493
21964,3.493,3.493
21965,3.493,3.493
21966,3.493,3.493
21967,3.493,3.493
21968,3.493,3.493
21969,3.493,3.493
21970,3.493,3.493
21971,3.493,3.493
21972,3.493,3.493
21973,3.493,3.493
21974,3.493,3.493
21975,3.493,3.493
21976,3.493,3.493
21977,3.493,3.493
21978,3.493,3.493
21979,3.493,3.493
21980,3.493,3.493
21981,3.493,3.493
21982,3.493,3.493
21983,3.493,3.493
21984,3.493,3.493
21985,3.493,3.493
21986,3.493,3.493
21987,3.493,3.493
21988,3.493,3.493
21989,3.493,3.493
21990,3.493,3.493
21991,3.493,3.493
21992,3.493,3.493
21993,3.493,3.493
21994,3.493,3.493
21995,3.493,3.493
21996,3.493,3.493
21997,3.493,3.493
21998,3.493,3.493
21999,3.493,3.493
22000,3.493,3.493
22001,3.493,3.493
22002,3.493,3.493
22003,3.493,3.493
22004,3.493,3.493
22005,3.493,3.493
22006,3.493,3.493
22007,3.493,3.493
22008,3.493,3.493
22009,3.493,3.493
22010,3.493,3.493
22011,3.493,3.493
22012,3.493,3.493
22013,3.493,3.493
22014,3.493,3.493
22015,3.493,3.493
22016,3.493,3.493
22017,3.493,3.493
22018,3.493,3.493
22019,3.493,3.493
22020,3.493,3.493
22021,3.493,3.493
22022,3.493,3.493
22023,3.493,3.493
22024,3.493,3.493
22025,3.493,3.493
22026,3.493,3.493
22027,3.493,3.493
22028,3.493,3.493
22029,3.493,3.493
22030,3.493,3.493
22031,3.493,3.493
22032,3.493,3.493
22033,3.493,3.493
22034,3.493,3.493
22035,3.493,3.493
22036,3.493,3.493
22037,3.493,3.493
22038,3.493,3.493
22039,3.493,3.493
22040,3.493,3.493
22041,3.493,3.493
22042,3.493,3.493
22043,3.493,3.493
22044,3.493,3.493
22045,3.493,3.493
22046,3.493,3.493
22047,3.493,3.493
22048,3.493,3.493
22049,3.493,3.493
22050,3.493,3.493
22051,3.493,3.493
22052,3.493,3.493
22053,3.493,3.493
22054,3.493,3.493
22055,3.493,3.493
22056,3.493,3.493
22057,3.493,3.493
22058,3.493,3.493
22059,3.493,3.493
22060,3.493,3.493
22061,3.493,3.493
22062,3.493,3.493
22063,3.493,3.493
22064,3.493,3.493
22065,3.493,3.493
22066,3.493,3.493
22067,3.493,3.493
22068,3.493,3.493
22069,3.493,3.493
22070,3.493,3.493
22071,3.493,3.493
22072,3.493,3.493
22073,3.493,3.493
22074,3.493,3.493
22075,3.493,3.493
22076,3.493,3.493
22077,3.493,3.493
22078,3.493,3.493
22079,3.493,3.493
22080,3.493,3.493
22081,3.493,3.493
22082,3.493,3.493
22083,3.493,3.493
22084,3.493,3.493
22085,3.493,3.493
22086,3.493,3.493
22087,3.493,3.493
22088,3.493,3.493
22089,3.493,3.493
22090,3.493,3.493
22091,3.493,3.493
22092,3.493,3.493
22093,3.493,3.493
22094,3.493,3.493
22095,3.493,3.493
22096,3.493,3.493
22097,3.493,3.493
22098,3.493,3.493
22099,3.493,3.493
22100,3.493,3.493
22101,3.493,3.493
22102,3.493,3.493
22103,3.493,3.493
22104,3.493,3.493
22105,3.493,3.493
22106,3.493,3.493
22107,3.493,3.493
22108,3.493,3.493
22109,3.493,3.493
22110,3.493,3.493
22111,3.493,3.493
22112,3.493,3.493
22113,3.493,3.493
22114,3.493,3.493
22115,3.493,3.493
22116,3.493,3.493
22117,3.493,3.493
22118,3.493,3.493
22119,3.493,3.493
22120,3.493,3.493
22121,3.493,3.493
22122,3.493,3.493
22123,3.493,3.493
22124,3.493,3.493
22125,3.493,3.493
22126,3.493,3.493
22127,3.493,3.493
22128,3.493,3.493
22129,3.493,3.493
22130,3.493,3.493
22131,3.493,3.493
22132,3.493,3.493
22133,3.493,3.493
22134,3.493,3.493
22135,3.493,3.493
22136,3.493,3.493
22137,3.493,3.493
22138,3.493,3.493
22139,3.493,3.493
22140,3.493,3.493
22141,3.493,3.493
22142,3.493,3.493
22143,3.493,3.493
22144,3.493,3.493
22145,3.493,3.493
22146,3.493,3.493
22147,3.493,3.493
22148,3.493,3.493
22149,3.493,3.493
22150,3.493,3.493
22151,3.493,3.493
22152,3.493,3.493
22153,3.493,3.493
22154,3.493,3.493
22155,3.493,3.493
22156,3.493,3.493
22157,3.493,3.493
22158,3.493,3.493
22159,3.493,3.493
22160,3.493,3.493
22161,3.493,3.493
22162,3.493,3.493
22163,3.493,3.493
22164,3.493,3.493
22165,3.493,3.493
22166,3.493,3.493
22167,3.493,3.493
22168,3.493,3.493
22169,3.493,3.493
22170,3.493,3.493
22171,3.493,3.493
22172,3.493,3.493
22173,3.493,3.493
22174,3.493,3.493
22175,3.493,3.493
22176,3.493,3.493
22177,3.493,3.493
22178,3.493,3.493
22179,3.493,3.493
22180,3.493,3.493
22181,3.493,3.493
22182,3.493,3.493
22183,3.493,3.493
22184,3.493,3.493
22185,3.493,3.493
22186,3.493,3.493
22187,3.493,3.493
22188,3.493,3.493
22189,3.493,3.493
22190,3.493,3.493
22191,3.493,3.493
22192,3.493,3.493
22193,3.493,3.493
22194,3.493,3.493
22195,3.493,3.493
22196,3.493,3.493
22197,3.493,3.493
22198,3.493,3.493
22199,3.493,3.493
22200,3.493,3.493
22201,3.493,3.493
22202,3.493,3.493
22203,3.493,3.493
22204,3.493,3.493
22205,3.493,3.493
22206,3.493,3.493
22207,3.493,3.493
22208,3.493,3.493
22209,3.493,3.493
22210,3.493,3.493
22211,3.493,3.493
22212,3.493,3.493
22213,3.493,3.493
22214,3.493,3.493
22215,3.493,3.493
22216,3.493,3.493
22217,3.493,3.493
22218,3.493,3.493
22219,3.493,3.493
22220,3.493,3.493
22221,3.493,3.493
22222,3.493,3.493
22223,3.493,3.493
22224,3.493,3.493
22225,3.493,3.493
22226,3.493,3.493
22227,3.493,3.493
22228,3.493,3.493
22229,3.493,3.493
22230,3.493,3.493
22231,3.493,3.493
22232,3.493,3.493
22233,3.493,3.493
22234,3.493,3.493
22235,3.493,3.493
22236,3.493,3.493
22237,3.493,3.493
22238,3.493,3.493
22239,3.493,3.493
22240,3.493,3.493
22241,3.493,3.493
22242,3.493,3.493
22243,3.493,3.493
22244,3.493,3.493
22245,3.493,3.493
22246,3.493,3.493
22247,3.493,3.493
22248,3.493,3.493
22249,3.493,3.493
22250,3.493,3.493
22251,3.493,3.493
22252,3.493,3.493
22253,3.493,3.493
22254,3.493,3.493
22255,3.493,3.493
22256,3.493,3.493
22257,3.493,3.493
22258,3.493,3.493
22259,3.493,3.493
22260,3.493,3.493
22261,3.493,3.493
22262,3.493,3.493
22263,3.493,3.493
22264,3.493,3.493
22265,3.493,3.493
22266,3.493,3.493
22267,3.493,3.493
22268,3.493,3.493
22269,3.493,3.493
22270,3.493,3.493
22271,3.493,3.493
22272,3.493,3.493
22273,3.493,3.493
22274,3.493,3.493
22275,3.493,3.493
22276,3.493,3.493
22277,3.493,3.493
22278,3.493,3.493
22279,3.493,3.493
22280,3.493,3.493
22281,3.493,3.493
22282,3.493,3.493
22283,3.493,3.493
22284,3.493,3.493
22285,3.493,3.493
22286,3.493,3.493
22287,3.493,3.493
22288,3.493,3.493
22289,3.493,3.493
22290,3.493,3.493
22291,3.493,3.493
22292,3.493,3.493
22293,3.493,3.493
22294,3.493,3.493
22295,3.493,3.493
22296,3.493,3.493
22297,3.493,3.493
22298,3.493,3.493
22299,3.493,3.493
22300,3.493,3.493
22301,3.493,3.493
22302,3.493,3.493
22303,3.493,3.493
22304,3.493,3.493
22305,3.493,3.493
22306,3.493,3.493
22307,3.493,3.493
22308,3.493,3.493
22309,3.493,3.493
22310,3.493,3.493
22311,3.493,3.493
22312,3.493,3.493
22313,3.493,3.493
22314,3.493,3.493
22315,3.493,3.493
22316,3.493,3.493
22317,3.493,3.493
22318,3.493,3.493
22319,3.493,3.493
22320,3.493,3.493
22321,3.493,3.493
22322,3.493,3.493
22323,3.493,3.493
22324,3.493,3.493
22325,3.493,3.493
22326,3.493,3.493
22327,3.493,3.493
22328,3.493,3.493
22329,3.493,3.493
22330,3.493,3.493
22331,3.493,3.493
22332,3.493,3.493
22333,3.493,3.493
22334,3.493,3.493
22335,3.493,3.493
22336,3.493,3.493
22337,3.493,3.493
22338,3.493,3.493
22339,3.493,3.493
22340,3.493,3.493
22341,3.493,3.493
22342,3.493,3.493
22343,3.493,3.493
22344,3.493,3.493
22345,3.493,3.493
22346,3.493,3.493
22347,3.493,3.493
22348,3.493,3.493
22349,3.493,3.493
22350,3.493,3.493
22351,3.493,3.493
22352,3.493,3.493
22353,3.493,3.493
22354,3.493,3.493
22355,3.493,3.493
22356,3.493,3.493
22357,3.493,3.493
22358,3.493,3.493
22359,3.493,3.493
22360,3.493,3.493
22361,3.493,3.493
22362,3.493,3.493
22363,3.493,3.493
22364,3.493,3.493
22365,3.493,3.493
22366,3.493,3.493
22367,3.493,3.493
22368,3.493,3.493
22369,3.493,3.493
22370,3.493,3.493
22371,3.493,3.493
22372,3.493,3.493
22373,3.493,3.493
22374,3.493,3.493
22375,3.493,3.493
22376,3.493,3.493
22377,3.493,3.493
22378,3.493,3.493
22379,3.493,3.493
22380,3.493,3.493
22381,3.493,3.493
22382,3.493,3.493
22383,3.493,3.493
22384,3.493,3.493
22385,3.493,3.493
22386,3.493,3.493
22387,3.493,3.493
22388,3.493,3.493
22389,3.493,3.493
22390,3.493,3.493
22391,3.493,3.493
22392,3.493,3.493
22393,3.493,3.493
22394,3.493,3.493
22395,3.493,3.493
22396,3.493,3.493
22397,3.493,3.493
22398,3.493,3.493
22399,3.493,3.493
22400,3.493,3.493
22401,3.493,3.493
22402,3.493,3.493
22403,3.493,3.493
22404,3.493,3.493
22405,3.493,3.493
22406,3.493,3.493
22407,3.493,3.493
22408,3.493,3.493
22409,3.493,3.493
22410,3.493,3.493
22411,3.493,3.493
22412,3.493,3.493
22413,3.493,3.493
22414,3.493,3.493
22415,3.493,3.493
22416,3.493,3.493
22417,3.493,3.493
22418,3.493,3.493
22419,3.493,3.493
22420,3.493,3.493
22421,3.493,3.493
22422,3.493,3.493
22423,3.493,3.493
22424,3.493,3.493
22425,3.493,3.493
22426,3.493,3.493
22427,3.493,3.493
22428,3.493,3.493
22429,3.493,3.493
22430,3.493,3.493
22431,3.493,3.493
22432,3.493,3.493
22433,3.493,3.493
22434,3.493,3.493
22435,3.493,3.493
22436,3.493,3.493
22437,3.493,3.493
22438,3.493,3.493
22439,3.493,3.493
22440,3.493,3.493
22441,3.493,3.493
22442,3.493,3.493
22443,3.493,3.493
22444,3.493,3.493
22445,3.493,3.493
22446,3.493,3.493
22447,3.493,3.493
22448,3.493,3.493
22449,3.493,3.493
22450,3.493,3.493
22451,3.493,3.493
22452,3.493,3.493
22453,3.493,3.493
22454,3.493,3.493
22455,3.493,3.493
22456,3.493,3.493
22457,3.493,3.493
22458,3.493,3.493
22459,3.493,3.493
22460,3.493,3.493
22461,3.493,3.493
22462,3.493,3.493
22463,3.493,3.493
22464,3.493,3.493
22465,3.493,3.493
22466,3.493,3.493
22467,3.493,3.493
22468,3.493,3.493
22469,3.493,3.493
22470,3.493,3.493
22471,3.493,3.493
22472,3.493,3.493
22473,3.493,3.493
22474,3.493,3.493
22475,3.493,3.493
22476,3.493,3.493
22477,3.493,3.493
22478,3.493,3.493
22479,3.493,3.493
22480,3.493,3.493
22481,3.493,3.493
22482,3.493,3.493
22483,3.493,3.493
22484,3.493,3.493
22485,3.493,3.493
22486,3.493,3.493
22487,3.493,3.493
22488,3.493,3.493
22489,3.493,3.493
22490,3.493,3.493
22491,3.493,3.493
22492,3.493,3.493
22493,3.493,3.493
22494,3.493,3.493
22495,3.493,3.493
22496,3.493,3.493
22497,3.493,3.493
22498,3.493,3.493
22499,3.493,3.493
22500,3.493,3.493
22501,3.493,3.493
22502,3.493,3.493
22503,3.493,3.493
22504,3.493,3.493
22505,3.493,3.493
22506,3.493,3.493
22507,3.493,3.493
22508,3.493,3.493
22509,3.493,3.493
22510,3.493,3.493
22511,3.493,3.493
22512,3.493,3.493
22513,3.493,3.493
22514,3.493,3.493
22515,3.493,3.493
22516,3.493,3.493
22517,3.493,3.493
22518,3.493,3.493
22519,3.493,3.493
22520,3.493,3.493
22521,3.493,3.493
22522,3.493,3.493
22523,3.493,3.493
22524,3.493,3.493
22525,3.493,3.493
22526,3.493,3.493
22527,3.493,3.493
22528,3.493,3.493
22529,3.493,3.493
22530,3.493,3.493
22531,3.493,3.493
22532,3.493,3.493
22533,3.493,3.493
22534,3.493,3.493
22535,3.493,3.493
22536,3.493,3.493
22537,3.493,3.493
22538,3.493,3.493
22539,3.493,3.493
22540,3.493,3.493
22541,3.493,3.493
22542,3.493,3.493
22543,3.493,3.493
22544,3.493,3.493
22545,3.493,3.493
22546,3.493,3.493
22547,3.493,3.493
22548,3.493,3.493
22549,3.493,3.493
22550,3.493,3.493
22551,3.493,3.493
22552,3.493,3.493
22553,3.493,3.493
22554,3.493,3.493
22555,3.493,3.493
22556,3.493,3.493
22557,3.493,3.493
22558,3.493,3.493
22559,3.493,3.493
22560,3.493,3.493
22561,3.493,3.493
22562,3.493,3.493
22563,3.493,3.493
22564,3.493,3.493
22565,3.493,3.493
22566,3.493,3.493
22567,3.493,3.493
22568,3.493,3.493
22569,3.493,3.493
22570,3.493,3.493
22571,3.493,3.493
22572,3.493,3.493
22573,3.493,3.493
22574,3.493,3.493
22575,3.493,3.493
22576,3.493,3.493
22577,3.493,3.493
22578,3.493,3.493
22579,3.493,3.493
22580,3.493,3.493
22581,3.493,3.493
22582,3.493,3.493
22583,3.493,3.493
22584,3.493,3.493
22585,3.493,3.493
22586,3.493,3.493
22587,3.493,3.493
22588,3.493,3.493
22589,3.493,3.493
22590,3.493,3.493
22591,3.493,3.493
22592,3.493,3.493
22593,3.493,3.493
22594,3.493,3.493
22595,3.493,3.493
22596,3.493,3.493
22597,3.493,3.493
22598,3.493,3.493
22599,3.493,3.493
22600,3.493,3.493
22601,3.493,3.493
22602,3.493,3.493
22603,3.493,3.493
22604,3.493,3.493
22605,3.493,3.493
22606,3.493,3.493
22607,3.493,3.493
22608,3.493,3.493
22609,3.493,3.493
22610,3.493,3.493
22611,3.493,3.493
22612,3.493,3.493
22613,3.493,3.493
22614,3.493,3.493
22615,3.493,3.493
22616,3.493,3.493
22617,3.493,3.493
22618,3.493,3.493
22619,3.493,3.493
22620,3.493,3.493
22621,3.493,3.493
22622,3.493,3.493
22623,3.493,3.493
22624,3.493,3.493
22625,3.493,3.493
22626,3.493,3.493
22627,3.493,3.493
22628,3.493,3.493
22629,3.493,3.493
22630,3.493,3.493
22631,3.493,3.493
22632,3.493,3.493
22633,3.493,3.493
22634,3.493,3.493
22635,3.493,3.493
22636,3.493,3.493
22637,3.493,3.493
22638,3.493,3.493
22639,3.493,3.493
22640,3.493,3.493
22641,3.493,3.493
22642,3.493,3.493
22643,3.493,3.493
22644,3.493,3.493
22645,3.493,3.493
22646,3.493,3.493
22647,3.493,3.493
22648,3.493,3.493
22649,3.493,3.493
22650,3.493,3.493
22651,3.493,3.493
22652,3.493,3.493
22653,3.493,3.493
22654,3.493,3.493
22655,3.493,3.493
22656,3.493,3.493
22657,3.493,3.493
22658,3.493,3.493
22659,3.493,3.493
22660,3.493,3.493
22661,3.493,3.493
22662,3.493,3.493
22663,3.493,3.493
22664,3.493,3.493
22665,3.493,3.493
22666,3.493,3.493
22667,3.493,3.493
22668,3.493,3.493
22669,3.493,3.493
22670,3.493,3.493
22671,3.493,3.493
22672,3.493,3.493
22673,3.493,3.493
22674,3.493,3.493
22675,3.493,3.493
22676,3.493,3.493
22677,3.493,3.493
22678,3.493,3.493
22679,3.493,3.493
22680,3.493,3.493
22681,3.493,3.493
22682,3.493,3.493
22683,3.493,3.493
22684,3.493,3.493
22685,3.493,3.493
22686,3.493,3.493
22687,3.493,3.493
22688,3.493,3.493
22689,3.493,3.493
22690,3.493,3.493
22691,3.493,3.493
22692,3.493,3.493
22693,3.493,3.493
22694,3.493,3.493
22695,3.493,3.493
22696,3.493,3.493
22697,3.493,3.493
22698,3.493,3.493
22699,3.493,3.493
22700,3.493,3.493
22701,3.493,3.493
22702,3.493,3.493
22703,3.493,3.493
22704,3.493,3.493
22705,3.493,3.493
22706,3.493,3.493
22707,3.493,3.493
22708,3.493,3.493
22709,3.493,3.493
22710,3.493,3.493
22711,3.493,3.493
22712,3.493,3.493
22713,3.493,3.493
22714,3.493,3.493
22715,3.493,3.493
22716,3.493,3.493
22717,3.493,3.493
22718,3.493,3.493
22719,3.493,3.493
22720,3.493,3.493
22721,3.493,3.493
22722,3.493,3.493
22723,3.493,3.493
22724,3.493,3.493
22725,3.493,3.493
22726,3.493,3.493
22727,3.493,3.493
22728,3.493,3.493
22729,3.493,3.493
22730,3.493,3.493
22731,3.493,3.493
22732,3.493,3.493
22733,3.493,3.493
22734,3.493,3.493
22735,3.493,3.493
22736,3.493,3.493
22737,3.493,3.493
22738,3.493,3.493
22739,3.493,3.493
22740,3.493,3.493
22741,3.493,3.493
22742,3.493,3.493
22743,3.493,3.493
22744,3.493,3.493
22745,3.493,3.493
22746,3.493,3.493
22747,3.493,3.493
22748,3.493,3.493
22749,3.493,3.493
22750,3.493,3.493
22751,3.493,3.493
22752,3.493,3.493
22753,3.493,3.493
22754,3.493,3.493
22755,3.493,3.493
22756,3.493,3.493
22757,3.493,3.493
22758,3.493,3.493
22759,3.493,3.493
22760,3.493,3.493
22761,3.493,3.493
22762,3.493,3.493
22763,3.493,3.493
22764,3.493,3.493
22765,3.493,3.493
22766,3.493,3.493
22767,3.493,3.493
22768,3.493,3.493
22769,3.493,3.493
22770,3.493,3.493
22771,3.493,3.493
22772,3.493,3.493
22773,3.493,3.493
22774,3.493,3.493
22775,3.493,3.493
22776,3.493,3.493
22777,3.493,3.493
22778,3.493,3.493
22779,3.493,3.493
22780,3.493,3.493
22781,3.493,3.493
22782,3.493,3.493
22783,3.493,3.493
22784,3.493,3.493
22785,3.493,3.493
22786,3.493,3.493
22787,3.493,3.493
22788,3.493,3.493
22789,3.493,3.493
22790,3.493,3.493
22791,3.493,3.493
22792,3.493,3.493
22793,3.493,3.493
22794,3.493,3.493
22795,3.493,3.493
22796,3.493,3.493
22797,3.493,3.493
22798,3.493,3.493
22799,3.493,3.493
22800,3.493,3.493
22801,3.493,3.493
22802,3.493,3.493
22803,3.493,3.493
22804,3.493,3.493
22805,3.493,3.493
22806,3.493,3.493
22807,3.493,3.493
22808,3.493,3.493
22809,3.493,3.493
22810,3.493,3.493
22811,3.493,3.493
22812,3.493,3.493
22813,3.493,3.493
22814,3.493,3.493
22815,3.493,3.493
22816,3.493,3.493
22817,3.493,3.493
22818,3.493,3.493
22819,3.493,3.493
22820,3.493,3.493
22821,3.493,3.493
22822,3.493,3.493
22823,3.493,3.493
22824,3.493,3.493
22825,3.493,3.493
22826,3.493,3.493
22827,3.493,3.493
22828,3.493,3.493
22829,3.493,3.493
22830,3.493,3.493
22831,3.493,3.493
22832,3.493,3.493
22833,3.493,3.493
22834,3.493,3.493
22835,3.493,3.493
22836,3.493,3.493
22837,3.493,3.493
22838,3.493,3.493
22839,3.493,3.493
22840,3.493,3.493
22841,3.493,3.493
22842,3.493,3.493
22843,3.493,3.493
22844,3.493,3.493
22845,3.493,3.493
22846,3.493,3.493
22847,3.493,3.493
22848,3.493,3.493
22849,3.493,3.493
22850,3.493,3.493
22851,3.493,3.493
22852,3.493,3.493
22853,3.493,3.493
22854,3.493,3.493
22855,3.493,3.493
22856,3.493,3.493
22857,3.493,3.493
22858,3.493,3.493
22859,3.493,3.493
22860,3.493,3.493
22861,3.493,3.493
22862,3.493,3.493
22863,3.493,3.493
22864,3.493,3.493
22865,3.493,3.493
22866,3.493,3.493
22867,3.493,3.493
22868,3.493,3.493
22869,3.493,3.493
22870,3.493,3.493
22871,3.493,3.493
22872,3.493,3.493
22873,3.493,3.493
22874,3.493,3.493
22875,3.493,3.493
22876,3.493,3.493
22877,3.493,3.493
22878,3.493,3.493
22879,3.493,3.493
22880,3.493,3.493
22881,3.493,3.493
22882,3.493,3.493
22883,3.493,3.493
22884,3.493,3.493
22885,3.493,3.493
22886,3.493,3.493
22887,3.493,3.493
22888,3.493,3.493
22889,3.493,3.493
22890,3.493,3.493
22891,3.493,3.493
22892,3.493,3.493
22893,3.493,3.493
22894,3.493,3.493
22895,3.493,3.493
22896,3.493,3.493
22897,3.493,3.493
22898,3.493,3.493
22899,3.493,3.493
22900,3.493,3.493
22901,3.493,3.493
22902,3.493,3.493
22903,3.493,3.493
22904,3.493,3.493
22905,3.493,3.493
22906,3.493,3.493
22907,3.493,3.493
22908,3.493,3.493
22909,3.493,3.493
22910,3.493,3.493
22911,3.493,3.493
22912,3.493,3.493
22913,3.493,3.493
22914,3.493,3.493
22915,3.493,3.493
22916,3.493,3.493
22917,3.493,3.493
22918,3.493,3.493
22919,3.493,3.493
22920,3.493,3.493
22921,3.493,3.493
22922,3.493,3.493
22923,3.493,3.493
22924,3.493,3.493
22925,3.493,3.493
22926,3.493,3.493
22927,3.493,3.493
22928,3.493,3.493
22929,3.493,3.493
22930,3.493,3.493
22931,3.493,3.493
22932,3.493,3.493
22933,3.493,3.493
22934,3.493,3.493
22935,3.493,3.493
22936,3.493,3.493
22937,3.493,3.493
22938,3.493,3.493
22939,3.493,3.493
22940,3.493,3.493
22941,3.493,3.493
22942,3.493,3.493
22943,3.493,3.493
22944,3.493,3.493
22945,3.493,3.493
22946,3.493,3.493
22947,3.493,3.493
22948,3.493,3.493
22949,3.493,3.493
22950,3.493,3.493
22951,3.493,3.493
22952,3.493,3.493
22953,3.493,3.493
22954,3.493,3.493
22955,3.493,3.493
22956,3.493,3.493
22957,3.493,3.493
22958,3.493,3.493
22959,3.493,3.493
22960,3.493,3.493
22961,3.493,3.493
22962,3.493,3.493
22963,3.493,3.493
22964,3.493,3.493
22965,3.493,3.493
22966,3.493,3.493
22967,3.493,3.493
22968,3.493,3.493
22969,3.493,3.493
22970,3.493,3.493
22971,3.493,3.493
22972,3.493,3.493
22973,3.493,3.493
22974,3.493,3.493
22975,3.493,3.493
22976,3.493,3.493
22977,3.493,3.493
22978,3.493,3.493
22979,3.493,3.493
22980,3.493,3.493
22981,3.493,3.493
22982,3.493,3.493
22983,3.493,3.493
22984,3.493,3.493
22985,3.493,3.493
22986,3.493,3.493
22987,3.493,3.493
22988,3.493,3.493
22989,3.493,3.493
22990,3.493,3.493
22991,3.493,3.493
22992,3.493,3.493
22993,3.493,3.493
22994,3.493,3.493
22995,3.493,3.493
22996,3.493,3.493
22997,3.493,3.493
22998,3.493,3.493
22999,3.493,3.493
23000,3.493,3.493
23001,3.493,3.493
23002,3.493,3.493
23003,3.493,3.493
23004,3.493,3.493
23005,3.493,3.493
23006,3.493,3.493
23007,3.493,3.493
23008,3.493,3.493
23009,3.493,3.493
23010,3.493,3.493
23011,3.493,3.493
23012,3.493,3.493
23013,3.493,3.493
23014,3.493,3.493
23015,3.493,3.493
23016,3.493,3.493
23017,3.493,3.493
23018,3.493,3.493
23019,3.493,3.493
23020,3.493,3.493
23021,3.493,3.493
23022,3.493,3.493
23023,3.493,3.493
23024,3.493,3.493
23025,3.493,3.493
23026,3.493,3.493
23027,3.493,3.493
23028,3.493,3.493
23029,3.493,3.493
23030,3.493,3.493
23031,3.493,3.493
23032,3.493,3.493
23033,3.493,3.493
23034,3.493,3.493
23035,3.493,3.493
23036,3.493,3.493
23037,3.493,3.493
23038,3.493,3.493
23039,3.493,3.493
23040,3.493,3.493
23041,3.493,3.493
23042,3.493,3.493
23043,3.493,3.493
23044,3.493,3.493
23045,3.493,3.493
23046,3.493,3.493
23047,3.493,3.493
23048,3.493,3.493
23049,3.493,3.493
23050,3.493,3.493
23051,3.493,3.493
23052,3.493,3.493
23053,3.493,3.493
23054,3.493,3.493
23055,3.493,3.493
23056,3.493,3.493
23057,3.493,3.493
23058,3.493,3.493
23059,3.493,3.493
23060,3.493,3.493
23061,3.493,3.493
23062,3.493,3.493
23063,3.493,3.493
23064,3.493,3.493
23065,3.493,3.493
23066,3.493,3.493
23067,3.493,3.493
23068,3.493,3.493
23069,3.493,3.493
23070,3.493,3.493
23071,3.493,3.493
23072,3.493,3.493
23073,3.493,3.493
23074,3.493,3.493
23075,3.493,3.493
23076,3.493,3.493
23077,3.493,3.493
23078,3.493,3.493
23079,3.493,3.493
23080,3.493,3.493
23081,3.493,3.493
23082,3.493,3.493
23083,3.493,3.493
23084,3.493,3.493
23085,3.493,3.493
23086,3.493,3.493
23087,3.493,3.493
23088,3.493,3.493
23089,3.493,3.493
23090,3.493,3.493
23091,3.493,3.493
23092,3.493,3.493
23093,3.493,3.493
23094,3.493,3.493
23095,3.493,3.493
23096,3.493,3.493
23097,3.493,3.493
23098,3.493,3.493
23099,3.493,3.493
23100,3.493,3.493
23101,3.493,3.493
23102,3.493,3.493
23103,3.493,3.493
23104,3.493,3.493
23105,3.493,3.493
23106,3.493,3.493
23107,3.493,3.493
23108,3.493,3.493
23109,3.493,3.493
23110,3.493,3.493
23111,3.493,3.493
23112,3.493,3.493
23113,3.493,3.493
23114,3.493,3.493
23115,3.493,3.493
23116,3.493,3.493
23117,3.493,3.493
23118,3.493,3.493
23119,3.493,3.493
23120,3.493,3.493
23121,3.493,3.493
23122,3.493,3.493
23123,3.493,3.493
23124,3.493,3.493
23125,3.493,3.493
23126,3.493,3.493
23127,3.493,3.493
23128,3.493,3.493
23129,3.493,3.493
23130,3.493,3.493
23131,3.493,3.493
23132,3.493,3.493
23133,3.493,3.493
23134,3.493,3.493
23135,3.493,3.493
23136,3.493,3.493
23137,3.493,3.493
23138,3.493,3.493
23139,3.493,3.493
23140,3.493,3.493
23141,3.493,3.493
23142,3.493,3.493
23143,3.493,3.493
23144,3.493,3.493
23145,3.493,3.493
23146,3.493,3.493
23147,3.493,3.493
23148,3.493,3.493
23149,3.493,3.493
23150,3.493,3.493
23151,3.493,3.493
23152,3.493,3.493
23153,3.493,3.493
23154,3.493,3.493
23155,3.493,3.493
23156,3.493,3.493
23157,3.493,3.493
23158,3.493,3.493
23159,3.493,3.493
23160,3.493,3.493
23161,3.493,3.493
23162,3.493,3.493
23163,3.493,3.493
23164,3.493,3.493
23165,3.493,3.493
23166,3.493,3.493
23167,3.493,3.493
23168,3.493,3.493
23169,3.493,3.493
23170,3.493,3.493
23171,3.493,3.493
23172,3.493,3.493
23173,3.493,3.493
23174,3.493,3.493
23175,3.493,3.493
23176,3.493,3.493
23177,3.493,3.493
23178,3.493,3.493
23179,3.493,3.493
23180,3.493,3.493
23181,3.493,3.493
23182,3.493,3.493
23183,3.493,3.493
23184,3.493,3.493
23185,3.493,3.493
23186,3.493,3.493
23187,3.493,3.493
23188,3.493,3.493
23189,3.493,3.493
23190,3.493,3.493
23191,3.493,3.493
23192,3.493,3.493
23193,3.493,3.493
23194,3.493,3.493
23195,3.493,3.493
23196,3.493,3.493
23197,3.493,3.493
23198,3.493,3.493
23199,3.493,3.493
23200,3.493,3.493
23201,3.493,3.493
23202,3.493,3.493
23203,3.493,3.493
23204,3.493,3.493
23205,3.493,3.493
23206,3.493,3.493
23207,3.493,3.493
23208,3.493,3.493
23209,3.493,3.493
23210,3.493,3.493
23211,3.493,3.493
23212,3.493,3.493
23213,3.493,3.493
23214,3.493,3.493
23215,3.493,3.493
23216,3.493,3.493
23217,3.493,3.493
23218,3.493,3.493
23219,3.493,3.493
23220,3.493,3.493
23221,3.493,3.493
23222,3.493,3.493
23223,3.493,3.493
23224,3.493,3.493
23225,3.493,3.493
23226,3.493,3.493
23227,3.493,3.493
23228,3.493,3.493
23229,3.493,3.493
23230,3.493,3.493
23231,3.493,3.493
23232,3.493,3.493
23233,3.493,3.493
23234,3.493,3.493
23235,3.493,3.493
23236,3.493,3.493
23237,3.493,3.493
23238,3.493,3.493
23239,3.493,3.493
23240,3.493,3.493
23241,3.493,3.493
23242,3.493,3.493
23243,3.493,3.493
23244,3.493,3.493
23245,3.493,3.493
23246,3.493,3.493
23247,3.493,3.493
23248,3.493,3.493
23249,3.493,3.493
23250,3.493,3.493
23251,3.493,3.493
23252,3.493,3.493
23253,3.493,3.493
23254,3.493,3.493
23255,3.493,3.493
23256,3.493,3.493
23257,3.493,3.493
23258,3.493,3.493
23259,3.493,3.493
23260,3.493,3.493
23261,3.493,3.493
23262,3.493,3.493
23263,3.493,3.493
23264,3.493,3.493
23265,3.493,3.493
23266,3.493,3.493
23267,3.493,3.493
23268,3.493,3.493
23269,3.493,3.493
23270,3.493,3.493
23271,3.493,3.493
23272,3.493,3.493
23273,3.493,3.493
23274,3.493,3.493
23275,3.493,3.493
23276,3.493,3.493
23277,3.493,3.493
23278,3.493,3.493
23279,3.493,3.493
23280,3.493,3.493
23281,3.493,3.493
23282,3.493,3.493
23283,3.493,3.493
23284,3.493,3.493
23285,3.493,3.493
23286,3.493,3.493
23287,3.493,3.493
23288,3.493,3.493
23289,3.493,3.493
23290,3.493,3.493
23291,3.493,3.493
23292,3.493,3.493
23293,3.493,3.493
23294,3.493,3.493
23295,3.493,3.493
23296,3.493,3.493
23297,3.493,3.493
23298,3.493,3.493
23299,3.493,3.493
23300,3.493,3.493
23301,3.493,3.493
23302,3.493,3.493
23303,3.493,3.493
23304,3.493,3.493
23305,3.493,3.493
23306,3.493,3.493
23307,3.493,3.493
23308,3.493,3.493
23309,3.493,3.493
23310,3.493,3.493
23311,3.493,3.493
23312,3.493,3.493
23313,3.493,3.493
23314,3.493,3.493
23315,3.493,3.493
23316,3.493,3.493
23317,3.493,3.493
23318,3.493,3.493
23319,3.493,3.493
23320,3.493,3.493
23321,3.493,3.493
23322,3.493,3.493
23323,3.493,3.493
23324,3.493,3.493
23325,3.493,3.493
23326,3.493,3.493
23327,3.493,3.493
23328,3.493,3.493
23329,3.493,3.493
23330,3.493,3.493
23331,3.493,3.493
23332,3.493,3.493
23333,3.493,3.493
23334,3.493,3.493
23335,3.493,3.493
23336,3.493,3.493
23337,3.493,3.493
23338,3.493,3.493
23339,3.493,3.493
23340,3.493,3.493
23341,3.493,3.493
23342,3.493,3.493
23343,3.493,3.493
23344,3.493,3.493
23345,3.493,3.493
23346,3.493,3.493
23347,3.493,3.493
23348,3.493,3.493
23349,3.493,3.493
23350,3.493,3.493
23351,3.493,3.493
23352,3.493,3.493
23353,3.493,3.493
23354,3.493,3.493
23355,3.493,3.493
23356,3.493,3.493
23357,3.493,3.493
23358,3.493,3.493
23359,3.493,3.493
23360,3.493,3.493
23361,3.493,3.493
23362,3.493,3.493
23363,3.493,3.493
23364,3.493,3.493
23365,3.493,3.493
23366,3.493,3.493
23367,3.493,3.493
23368,3.493,3.493
23369,3.493,3.493
23370,3.493,3.493
23371,3.493,3.493
23372,3.493,3.493
23373,3.493,3.493
23374,3.493,3.493
23375,3.493,3.493
23376,3.493,3.493
23377,3.493,3.493
23378,3.493,3.493
23379,3.493,3.493
23380,3.493,3.493
23381,3.493,3.493
23382,3.493,3.493
23383,3.493,3.493
23384,3.493,3.493
23385,3.493,3.493
23386,3.493,3.493
23387,3.493,3.493
23388,3.493,3.493
23389,3.493,3.493
23390,3.493,3.493
23391,3.493,3.493
23392,3.493,3.493
23393,3.493,3.493
23394,3.493,3.493
23395,3.493,3.493
23396,3.493,3.493
23397,3.493,3.493
23398,3.493,3.493
23399,3.493,3.493
23400,3.493,3.493
23401,3.493,3.493
23402,3.493,3.493
23403,3.493,3.493
23404,3.493,3.493
23405,3.493,3.493
23406,3.493,3.493
23407,3.493,3.493
23408,3.493,3.493
23409,3.493,3.493
23410,3.493,3.493
23411,3.493,3.493
23412,3.493,3.493
23413,3.493,3.493
23414,3.493,3.493
23415,3.493,3.493
23416,3.493,3.493
23417,3.493,3.493
23418,3.493,3.493
23419,3.493,3.493
23420,3.493,3.493
23421,3.493,3.493
23422,3.493,3.493
23423,3.493,3.493
23424,3.493,3.493
23425,3.493,3.493
23426,3.493,3.493
23427,3.493,3.493
23428,3.493,3.493
23429,3.493,3.493
23430,3.493,3.493
23431,3.493,3.493
23432,3.493,3.493
23433,3.493,3.493
23434,3.493,3.493
23435,3.493,3.493
23436,3.493,3.493
23437,3.493,3.493
23438,3.493,3.493
23439,3.493,3.493
23440,3.493,3.493
23441,3.493,3.493
23442,3.493,3.493
23443,3.493,3.493
23444,3.493,3.493
23445,3.493,3.493
23446,3.493,3.493
23447,3.493,3.493
23448,3.493,3.493
23449,3.493,3.493
23450,3.493,3.493
23451,3.493,3.493
23452,3.493,3.493
23453,3.493,3.493
23454,3.493,3.493
23455,3.493,3.493
23456,3.493,3.493
23457,3.493,3.493
23458,3.493,3.493
23459,3.493,3.493
23460,3.493,3.493
23461,3.493,3.493
23462,3.493,3.493
23463,3.493,3.493
23464,3.493,3.493
23465,3.493,3.493
23466,3.493,3.493
23467,3.493,3.493
23468,3.493,3.493
23469,3.493,3.493
23470,3.493,3.493
23471,3.493,3.493
23472,3.493,3.493
23473,3.493,3.493
23474,3.493,3.493
23475,3.493,3.493
23476,3.493,3.493
23477,3.493,3.493
23478,3.493,3.493
23479,3.493,3.493
23480,3.493,3.493
23481,3.493,3.493
23482,3.493,3.493
23483,3.493,3.493
23484,3.493,3.493
23485,3.493,3.493
23486,3.493,3.493
23487,3.493,3.493
23488,3.493,3.493
23489,3.493,3.493
23490,3.493,3.493
23491,3.493,3.493
23492,3.493,3.493
23493,3.493,3.493
23494,3.493,3.493
23495,3.493,3.493
23496,3.493,3.493
23497,3.493,3.493
23498,3.493,3.493
23499,3.493,3.493
23500,3.493,3.493
23501,3.493,3.493
23502,3.493,3.493
23503,3.493,3.493
23504,3.493,3.493
23505,3.493,3.493
23506,3.493,3.493
23507,3.493,3.493
23508,3.493,3.493
23509,3.493,3.493
23510,3.493,3.493
23511,3.493,3.493
23512,3.493,3.493
23513,3.493,3.493
23514,3.493,3.493
23515,3.493,3.493
23516,3.493,3.493
23517,3.493,3.493
23518,3.493,3.493
23519,3.493,3.493
23520,3.493,3.493
23521,3.493,3.493
23522,3.493,3.493
23523,3.493,3.493
23524,3.493,3.493
23525,3.493,3.493
23526,3.493,3.493
23527,3.493,3.493
23528,3.493,3.493
23529,3.493,3.493
23530,3.493,3.493
23531,3.493,3.493
23532,3.493,3.493
23533,3.493,3.493
23534,3.493,3.493
23535,3.493,3.493
23536,3.493,3.493
23537,3.493,3.493
23538,3.493,3.493
23539,3.493,3.493
23540,3.493,3.493
23541,3.493,3.493
23542,3.493,3.493
23543,3.493,3.493
23544,3.493,3.493
23545,3.493,3.493
23546,3.493,3.493
23547,3.493,3.493
23548,3.493,3.493
23549,3.493,3.493
23550,3.493,3.493
23551,3.493,3.493
23552,3.493,3.493
23553,3.493,3.493
23554,3.493,3.493
23555,3.493,3.493
23556,3.493,3.493
23557,3.493,3.493
23558,3.493,3.493
23559,3.493,3.493
23560,3.493,3.493
23561,3.493,3.493
23562,3.493,3.493
23563,3.493,3.493
23564,3.493,3.493
23565,3.493,3.493
23566,3.493,3.493
23567,3.493,3.493
23568,3.493,3.493
23569,3.493,3.493
23570,3.493,3.493
23571,3.493,3.493
23572,3.493,3.493
23573,3.493,3.493
23574,3.493,3.493
23575,3.493,3.493
23576,3.493,3.493
23577,3.493,3.493
23578,3.493,3.493
23579,3.493,3.493
23580,3.493,3.493
23581,3.493,3.493
23582,3.493,3.493
23583,3.493,3.493
23584,3.493,3.493
23585,3.493,3.493
23586,3.493,3.493
23587,3.493,3.493
23588,3.493,3.493
23589,3.493,3.493
23590,3.493,3.493
23591,3.493,3.493
23592,3.493,3.493
23593,3.493,3.493
23594,3.493,3.493
23595,3.493,3.493
23596,3.493,3.493
23597,3.493,3.493
23598,3.493,3.493
23599,3.493,3.493
23600,3.493,3.493
23601,3.493,3.493
23602,3.493,3.493
23603,3.493,3.493
23604,3.493,3.493
23605,3.493,3.493
23606,3.493,3.493
23607,3.493,3.493
23608,3.493,3.493
23609,3.493,3.493
23610,3.493,3.493
23611,3.493,3.493
23612,3.493,3.493
23613,3.493,3.493
23614,3.493,3.493
23615,3.493,3.493
23616,3.493,3.493
23617,3.493,3.493
23618,3.493,3.493
23619,3.493,3.493
23620,3.493,3.493
23621,3.493,3.493
23622,3.493,3.493
23623,3.493,3.493
23624,3.493,3.493
23625,3.493,3.493
23626,3.493,3.493
23627,3.493,3.493
23628,3.493,3.493
23629,3.493,3.493
23630,3.493,3.493
23631,3.493,3.493
23632,3.493,3.493
23633,3.493,3.493
23634,3.493,3.493
23635,3.493,3.493
23636,3.493,3.493
23637,3.493,3.493
23638,3.493,3.493
23639,3.493,3.493
23640,3.493,3.493
23641,3.493,3.493
23642,3.493,3.493
23643,3.493,3.493
23644,3.493,3.493
23645,3.493,3.493
23646,3.493,3.493
23647,3.493,3.493
23648,3.493,3.493
23649,3.493,3.493
23650,3.493,3.493
23651,3.493,3.493
23652,3.493,3.493
23653,3.493,3.493
23654,3.493,3.493
23655,3.493,3.493
23656,3.493,3.493
23657,3.493,3.493
23658,3.493,3.493
23659,3.493,3.493
23660,3.493,3.493
23661,3.493,3.493
23662,3.493,3.493
23663,3.493,3.493
23664,3.493,3.493
23665,3.493,3.493
23666,3.493,3.493
23667,3.493,3.493
23668,3.493,3.493
23669,3.493,3.493
23670,3.493,3.493
23671,3.493,3.493
23672,3.493,3.493
23673,3.493,3.493
23674,3.493,3.493
23675,3.493,3.493
23676,3.493,3.493
23677,3.493,3.493
23678,3.493,3.493
23679,3.493,3.493
23680,3.493,3.493
23681,3.493,3.493
23682,3.493,3.493
23683,3.493,3.493
23684,3.493,3.493
23685,3.493,3.493
23686,3.493,3.493
23687,3.493,3.493
23688,3.493,3.493
23689,3.493,3.493
23690,3.493,3.493
23691,3.493,3.493
23692,3.493,3.493
23693,3.493,3.493
23694,3.493,3.493
23695,3.493,3.493
23696,3.493,3.493
23697,3.493,3.493
23698,3.493,3.493
23699,3.493,3.493
23700,3.493,3.493
23701,3.493,3.493
23702,3.493,3.493
23703,3.493,3.493
23704,3.493,3.493
23705,3.493,3.493
23706,3.493,3.493
23707,3.493,3.493
23708,3.493,3.493
23709,3.493,3.493
23710,3.493,3.493
23711,3.493,3.493
23712,3.493,3.493
23713,3.493,3.493
23714,3.493,3.493
23715,3.493,3.493
23716,3.493,3.493
23717,3.493,3.493
23718,3.493,3.493
23719,3.493,3.493
23720,3.493,3.493
23721,3.493,3.493
23722,3.493,3.493
23723,3.493,3.493
23724,3.493,3.493
23725,3.493,3.493
23726,3.493,3.493
23727,3.493,3.493
23728,3.493,3.493
23729,3.493,3.493
23730,3.493,3.493
23731,3.493,3.493
23732,3.493,3.493
23733,3.493,3.493
23734,3.493,3.493
23735,3.493,3.493
23736,3.493,3.493
23737,3.493,3.493
23738,3.493,3.493
23739,3.493,3.493
23740,3.493,3.493
23741,3.493,3.493
23742,3.493,3.493
23743,3.493,3.493
23744,3.493,3.493
23745,3.493,3.493
23746,3.493,3.493
23747,3.493,3.493
23748,3.493,3.493
23749,3.493,3.493
23750,3.493,3.493
23751,3.493,3.493
23752,3.493,3.493
23753,3.493,3.493
23754,3.493,3.493
23755,3.493,3.493
23756,3.493,3.493
23757,3.493,3.493
23758,3.493,3.493
23759,3.493,3.493
23760,3.493,3.493
23761,3.493,3.493
23762,3.493,3.493
23763,3.493,3.493
23764,3.493,3.493
23765,3.493,3.493
23766,3.493,3.493
23767,3.493,3.493
23768,3.493,3.493
23769,3.493,3.493
23770,3.493,3.493
23771,3.493,3.493
23772,3.493,3.493
23773,3.493,3.493
23774,3.493,3.493
23775,3.493,3.493
23776,3.493,3.493
23777,3.493,3.493
23778,3.493,3.493
23779,3.493,3.493
23780,3.493,3.493
23781,3.493,3.493
23782,3.493,3.493
23783,3.493,3.493
23784,3.493,3.493
23785,3.493,3.493
23786,3.493,3.493
23787,3.493,3.493
23788,3.493,3.493
23789,3.493,3.493
23790,3.493,3.493
23791,3.493,3.493
23792,3.493,3.493
23793,3.493,3.493
23794,3.493,3.493
23795,3.493,3.493
23796,3.493,3.493
23797,3.493,3.493
23798,3.493,3.493
23799,3.493,3.493
23800,3.493,3.493
23801,3.493,3.493
23802,3.493,3.493
23803,3.493,3.493
23804,3.493,3.493
23805,3.493,3.493
23806,3.493,3.493
23807,3.493,3.493
23808,3.493,3.493
23809,3.493,3.493
23810,3.493,3.493
23811,3.493,3.493
23812,3.493,3.493
23813,3.493,3.493
23814,3.493,3.493
23815,3.493,3.493
23816,3.493,3.493
23817,3.493,3.493
23818,3.493,3.493
23819,3.493,3.493
23820,3.493,3.493
23821,3.493,3.493
23822,3.493,3.493
23823,3.493,3.493
23824,3.493,3.493
23825,3.493,3.493
23826,3.493,3.493
23827,3.493,3.493
23828,3.493,3.493
23829,3.493,3.493
23830,3.493,3.493
23831,3.493,3.493
23832,3.493,3.493
23833,3.493,3.493
23834,3.493,3.493
23835,3.493,3.493
23836,3.493,3.493
23837,3.493,3.493
23838,3.493,3.493
23839,3.493,3.493
23840,3.493,3.493
23841,3.493,3.493
23842,3.493,3.493
23843,3.493,3.493
23844,3.493,3.493
23845,3.493,3.493
23846,3.493,3.493
23847,3.493,3.493
23848,3.493,3.493
23849,3.493,3.493
23850,3.493,3.493
23851,3.493,3.493
23852,3.493,3.493
23853,3.493,3.493
23854,3.493,3.493
23855,3.493,3.493
23856,3.493,3.493
23857,3.493,3.493
23858,3.493,3.493
23859,3.493,3.493
23860,3.493,3.493
23861,3.493,3.493
23862,3.493,3.493
23863,3.493,3.493
23864,3.493,3.493
23865,3.493,3.493
23866,3.493,3.493
23867,3.493,3.493
23868,3.493,3.493
23869,3.493,3.493
23870,3.493,3.493
23871,3.493,3.493
23872,3.493,3.493
23873,3.493,3.493
23874,3.493,3.493
23875,3.493,3.493
23876,3.493,3.493
23877,3.493,3.493
23878,3.493,3.493
23879,3.493,3.493
23880,3.493,3.493
23881,3.493,3.493
23882,3.493,3.493
23883,3.493,3.493
23884,3.493,3.493
23885,3.493,3.493
23886,3.493,3.493
23887,3.493,3.493
23888,3.493,3.493
23889,3.493,3.493
23890,3.493,3.493
23891,3.493,3.493
23892,3.493,3.493
23893,3.493,3.493
23894,3.493,3.493
23895,3.493,3.493
23896,3.493,3.493
23897,3.493,3.493
23898,3.493,3.493
23899,3.493,3.493
23900,3.493,3.493
23901,3.493,3.493
23902,3.493,3.493
23903,3.493,3.493
23904,3.493,3.493
23905,3.493,3.493
23906,3.493,3.493
23907,3.493,3.493
23908,3.493,3.493
23909,3.493,3.493
23910,3.493,3.493
23911,3.493,3.493
23912,3.493,3.493
23913,3.493,3.493
23914,3.493,3.493
23915,3.493,3.493
23916,3.493,3.493
23917,3.493,3.493
23918,3.493,3.493
23919,3.493,3.493
23920,3.493,3.493
23921,3.493,3.493
23922,3.493,3.493
23923,3.493,3.493
23924,3.493,3.493
23925,3.493,3.493
23926,3.493,3.493
23927,3.493,3.493
23928,3.493,3.493
23929,3.493,3.493
23930,3.493,3.493
23931,3.493,3.493
23932,3.493,3.493
23933,3.493,3.493
23934,3.493,3.493
23935,3.493,3.493
23936,3.493,3.493
23937,3.493,3.493
23938,3.493,3.493
23939,3.493,3.493
23940,3.493,3.493
23941,3.493,3.493
23942,3.493,3.493
23943,3.493,3.493
23944,3.493,3.493
23945,3.493,3.493
23946,3.493,3.493
23947,3.493,3.493
23948,3.493,3.493
23949,3.493,3.493
23950,3.493,3.493
23951,3.493,3.493
23952,3.493,3.493
23953,3.493,3.493
23954,3.493,3.493
23955,3.493,3.493
23956,3.493,3.493
23957,3.493,3.493
23958,3.493,3.493
23959,3.493,3.493
23960,3.493,3.493
23961,3.493,3.493
23962,3.493,3.493
23963,3.493,3.493
23964,3.493,3.493
23965,3.493,3.493
23966,3.493,3.493
23967,3.493,3.493
23968,3.493,3.493
23969,3.493,3.493
23970,3.493,3.493
23971,3.493,3.493
23972,3.493,3.493
23973,3.493,3.493
23974,3.493,3.493
23975,3.493,3.493
23976,3.493,3.493
23977,3.493,3.493
23978,3.493,3.493
23979,3.493,3.493
23980,3.493,3.493
23981,3.493,3.493
23982,3.493,3.493
23983,3.493,3.493
23984,3.493,3.493
23985,3.493,3.493
23986,3.493,3.493
23987,3.493,3.493
23988,3.493,3.493
23989,3.493,3.493
23990,3.493,3.493
23991,3.493,3.493
23992,3.493,3.493
23993,3.493,3.493
23994,3.493,3.493
23995,3.493,3.493
23996,3.493,3.493
23997,3.493,3.493
23998,3.493,3.493
23999,3.493,3.493
24000,3.493,3.493
24001,3.493,3.493
24002,3.493,3.493
24003,3.493,3.493
24004,3.493,3.493
24005,3.493,3.493
24006,3.493,3.493
24007,3.493,3.493
24008,3.493,3.493
24009,3.493,3.493
24010,3.493,3.493
24011,3.493,3.493
24012,3.493,3.493
24013,3.493,3.493
24014,3.493,3.493
24015,3.493,3.493
24016,3.493,3.493
24017,3.493,3.493
24018,3.493,3.493
24019,3.493,3.493
24020,3.493,3.493
24021,3.493,3.493
24022,3.493,3.493
24023,3.493,3.493
24024,3.493,3.493
24025,3.493,3.493
24026,3.493,3.493
24027,3.493,3.493
24028,3.493,3.493
24029,3.493,3.493
24030,3.493,3.493
24031,3.493,3.493
24032,3.493,3.493
24033,3.493,3.493
24034,3.493,3.493
24035,3.493,3.493
24036,3.493,3.493
24037,3.493,3.493
24038,3.493,3.493
24039,3.493,3.493
24040,3.493,3.493
24041,3.493,3.493
24042,3.493,3.493
24043,3.493,3.493
24044,3.493,3.493
24045,3.493,3.493
24046,3.493,3.493
24047,3.493,3.493
24048,3.493,3.493
24049,3.493,3.493
24050,3.493,3.493
24051,3.493,3.493
24052,3.493,3.493
24053,3.493,3.493
24054,3.493,3.493
24055,3.493,3.493
24056,3.493,3.493
24057,3.493,3.493
24058,3.493,3.493
24059,3.493,3.493
24060,3.493,3.493
24061,3.493,3.493
24062,3.493,3.493
24063,3.493,3.493
24064,3.493,3.493
24065,3.493,3.493
24066,3.493,3.493
24067,3.493,3.493
24068,3.493,3.493
24069,3.493,3.493
24070,3.493,3.493
24071,3.493,3.493
24072,3.493,3.493
24073,3.493,3.493
24074,3.493,3.493
24075,3.493,3.493
24076,3.493,3.493
24077,3.493,3.493
24078,3.493,3.493
24079,3.493,3.493
24080,3.493,3.493
24081,3.493,3.493
24082,3.493,3.493
24083,3.493,3.493
24084,3.493,3.493
24085,3.493,3.493
24086,3.493,3.493
24087,3.493,3.493
24088,3.493,3.493
24089,3.493,3.493
24090,3.493,3.493
24091,3.493,3.493
24092,3.493,3.493
24093,3.493,3.493
24094,3.493,3.493
24095,3.493,3.493
24096,3.493,3.493
24097,3.493,3.493
24098,3.493,3.493
24099,3.493,3.493
24100,3.493,3.493
24101,3.493,3.493
24102,3.493,3.493
24103,3.493,3.493
24104,3.493,3.493
24105,3.493,3.493
24106,3.493,3.493
24107,3.493,3.493
24108,3.493,3.493
24109,3.493,3.493
24110,3.493,3.493
24111,3.493,3.493
24112,3.493,3.493
24113,3.493,3.493
24114,3.493,3.493
24115,3.493,3.493
24116,3.493,3.493
24117,3.493,3.493
24118,3.493,3.493
24119,3.493,3.493
24120,3.493,3.493
24121,3.493,3.493
24122,3.493,3.493
24123,3.493,3.493
24124,3.493,3.493
24125,3.493,3.493
24126,3.493,3.493
24127,3.493,3.493
24128,3.493,3.493
24129,3.493,3.493
24130,3.493,3.493
24131,3.493,3.493
24132,3.493,3.493
24133,3.493,3.493
24134,3.493,3.493
24135,3.493,3.493
24136,3.493,3.493
24137,3.493,3.493
24138,3.493,3.493
24139,3.493,3.493
24140,3.493,3.493
24141,3.493,3.493
24142,3.493,3.493
24143,3.493,3.493
24144,3.493,3.493
24145,3.493,3.493
24146,3.493,3.493
24147,3.493,3.493
24148,3.493,3.493
24149,3.493,3.493
24150,3.493,3.493
24151,3.493,3.493
24152,3.493,3.493
24153,3.493,3.493
24154,3.493,3.493
24155,3.493,3.493
24156,3.493,3.493
24157,3.493,3.493
24158,3.493,3.493
24159,3.493,3.493
24160,3.493,3.493
24161,3.493,3.493
24162,3.493,3.493
24163,3.493,3.493
24164,3.493,3.493
24165,3.493,3.493
24166,3.493,3.493
24167,3.493,3.493
24168,3.493,3.493
24169,3.493,3.493
24170,3.493,3.493
24171,3.493,3.493
24172,3.493,3.493
24173,3.493,3.493
24174,3.493,3.493
24175,3.493,3.493
24176,3.493,3.493
24177,3.493,3.493
24178,3.493,3.493
24179,3.493,3.493
24180,3.493,3.493
24181,3.493,3.493
24182,3.493,3.493
24183,3.493,3.493
24184,3.493,3.493
24185,3.493,3.493
24186,3.493,3.493
24187,3.493,3.493
24188,3.493,3.493
24189,3.493,3.493
24190,3.493,3.493
24191,3.493,3.493
24192,3.493,3.493
24193,3.493,3.493
24194,3.493,3.493
24195,3.493,3.493
24196,3.493,3.493
24197,3.493,3.493
24198,3.493,3.493
24199,3.493,3.493
24200,3.493,3.493
24201,3.493,3.493
24202,3.493,3.493
24203,3.493,3.493
24204,3.493,3.493
24205,3.493,3.493
24206,3.493,3.493
24207,3.493,3.493
24208,3.493,3.493
24209,3.493,3.493
24210,3.493,3.493
24211,3.493,3.493
24212,3.493,3.493
24213,3.493,3.493
24214,3.493,3.493
24215,3.493,3.493
24216,3.493,3.493
24217,3.493,3.493
24218,3.493,3.493
24219,3.493,3.493
24220,3.493,3.493
24221,3.493,3.493
24222,3.493,3.493
24223,3.493,3.493
24224,3.493,3.493
24225,3.493,3.493
24226,3.493,3.493
24227,3.493,3.493
24228,3.493,3.493
24229,3.493,3.493
24230,3.493,3.493
24231,3.493,3.493
24232,3.493,3.493
24233,3.493,3.493
24234,3.493,3.493
24235,3.493,3.493
24236,3.493,3.493
24237,3.493,3.493
24238,3.493,3.493
24239,3.493,3.493
24240,3.493,3.493
24241,3.493,3.493
24242,3.493,3.493
24243,3.493,3.493
24244,3.493,3.493
24245,3.493,3.493
24246,3.493,3.493
24247,3.493,3.493
24248,3.493,3.493
24249,3.493,3.493
24250,3.493,3.493
24251,3.493,3.493
24252,3.493,3.493
24253,3.493,3.493
24254,3.493,3.493
24255,3.493,3.493
24256,3.493,3.493
24257,3.493,3.493
24258,3.493,3.493
24259,3.493,3.493
24260,3.493,3.493
24261,3.493,3.493
24262,3.493,3.493
24263,3.493,3.493
24264,3.493,3.493
24265,3.493,3.493
24266,3.493,3.493
24267,3.493,3.493
24268,3.493,3.493
24269,3.493,3.493
24270,3.493,3.493
24271,3.493,3.493
24272,3.493,3.493
24273,3.493,3.493
24274,3.493,3.493
24275,3.493,3.493
24276,3.493,3.493
24277,3.493,3.493
24278,3.493,3.493
24279,3.493,3.493
24280,3.493,3.493
24281,3.493,3.493
24282,3.493,3.493
24283,3.493,3.493
24284,3.493,3.493
24285,3.493,3.493
24286,3.493,3.493
24287,3.493,3.493
24288,3.493,3.493
24289,3.493,3.493
24290,3.493,3.493
24291,3.493,3.493
24292,3.493,3.493
24293,3.493,3.493
24294,3.493,3.493
24295,3.493,3.493
24296,3.493,3.493
24297,3.493,3.493
24298,3.493,3.493
24299,3.493,3.493
24300,3.493,3.493
24301,3.493,3.493
24302,3.493,3.493
24303,3.493,3.493
24304,3.493,3.493
24305,3.493,3.493
24306,3.493,3.493
24307,3.493,3.493
24308,3.493,3.493
24309,3.493,3.493
24310,3.493,3.493
24311,3.493,3.493
24312,3.493,3.493
24313,3.493,3.493
24314,3.493,3.493
24315,3.493,3.493
24316,3.493,3.493
24317,3.493,3.493
24318,3.493,3.493
24319,3.493,3.493
24320,3.493,3.493
24321,3.493,3.493
24322,3.493,3.493
24323,3.493,3.493
24324,3.493,3.493
24325,3.493,3.493
24326,3.493,3.493
24327,3.493,3.493
24328,3.493,3.493
24329,3.493,3.493
24330,3.493,3.493
24331,3.493,3.493
24332,3.493,3.493
24333,3.493,3.493
24334,3.493,3.493
24335,3.493,3.493
24336,3.493,3.493
24337,3.493,3.493
24338,3.493,3.493
24339,3.493,3.493
24340,3.493,3.493
24341,3.493,3.493
24342,3.493,3.493
24343,3.493,3.493
24344,3.493,3.493
24345,3.493,3.493
24346,3.493,3.493
24347,3.493,3.493
24348,3.493,3.493
24349,3.493,3.493
24350,3.493,3.493
24351,3.493,3.493
24352,3.493,3.493
24353,3.493,3.493
24354,3.493,3.493
24355,3.493,3.493
24356,3.493,3.493
24357,3.493,3.493
24358,3.493,3.493
24359,3.493,3.493
24360,3.493,3.493
24361,3.493,3.493
24362,3.493,3.493
24363,3.493,3.493
24364,3.493,3.493
24365,3.493,3.493
24366,3.493,3.493
24367,3.493,3.493
24368,3.493,3.493
24369,3.493,3.493
24370,3.493,3.493
24371,3.493,3.493
24372,3.493,3.493
24373,3.493,3.493
24374,3.493,3.493
24375,3.493,3.493
24376,3.493,3.493
24377,3.493,3.493
24378,3.493,3.493
24379,3.493,3.493
24380,3.493,3.493
24381,3.493,3.493
24382,3.493,3.493
24383,3.493,3.493
24384,3.493,3.493
24385,3.493,3.493
24386,3.493,3.493
24387,3.493,3.493
24388,3.493,3.493
24389,3.493,3.493
24390,3.493,3.493
24391,3.493,3.493
24392,3.493,3.493
24393,3.493,3.493
24394,3.493,3.493
24395,3.493,3.493
24396,3.493,3.493
24397,3.493,3.493
24398,3.493,3.493
24399,3.493,3.493
24400,3.493,3.493
24401,3.493,3.493
24402,3.493,3.493
24403,3.493,3.493
24404,3.493,3.493
24405,3.493,3.493
24406,3.493,3.493
24407,3.493,3.493
24408,3.493,3.493
24409,3.493,3.493
24410,3.493,3.493
24411,3.493,3.493
24412,3.493,3.493
24413,3.493,3.493
24414,3.493,3.493
24415,3.493,3.493
24416,3.493,3.493
24417,3.493,3.493
24418,3.493,3.493
24419,3.493,3.493
24420,3.493,3.493
24421,3.493,3.493
24422,3.493,3.493
24423,3.493,3.493
24424,3.493,3.493
24425,3.493,3.493
24426,3.493,3.493
24427,3.493,3.493
24428,3.493,3.493
24429,3.493,3.493
24430,3.493,3.493
24431,3.493,3.493
24432,3.493,3.493
24433,3.493,3.493
24434,3.493,3.493
24435,3.493,3.493
24436,3.493,3.493
24437,3.493,3.493
24438,3.493,3.493
24439,3.493,3.493
24440,3.493,3.493
24441,3.493,3.493
24442,3.493,3.493
24443,3.493,3.493
24444,3.493,3.493
24445,3.493,3.493
24446,3.493,3.493
24447,3.493,3.493
24448,3.493,3.493
24449,3.493,3.493
24450,3.493,3.493
24451,3.493,3.493
24452,3.493,3.493
24453,3.493,3.493
24454,3.493,3.493
24455,3.493,3.493
24456,3.493,3.493
24457,3.493,3.493
24458,3.493,3.493
24459,3.493,3.493
24460,3.493,3.493
24461,3.493,3.493
24462,3.493,3.493
24463,3.493,3.493
24464,3.493,3.493
24465,3.493,3.493
24466,3.493,3.493
24467,3.493,3.493
24468,3.493,3.493
24469,3.493,3.493
24470,3.493,3.493
24471,3.493,3.493
24472,3.493,3.493
24473,3.493,3.493
24474,3.493,3.493
24475,3.493,3.493
24476,3.493,3.493
24477,3.493,3.493
24478,3.493,3.493
24479,3.493,3.493
24480,3.493,3.493
24481,3.493,3.493
24482,3.493,3.493
24483,3.493,3.493
24484,3.493,3.493
24485,3.493,3.493
24486,3.493,3.493
24487,3.493,3.493
24488,3.493,3.493
24489,3.493,3.493
24490,3.493,3.493
24491,3.493,3.493
24492,3.493,3.493
24493,3.493,3.493
24494,3.493,3.493
24495,3.493,3.493
24496,3.493,3.493
24497,3.493,3.493
24498,3.493,3.493
24499,3.493,3.493
24500,3.493,3.493
24501,3.493,3.493
24502,3.493,3.493
24503,3.493,3.493
24504,3.493,3.493
24505,3.493,3.493
24506,3.493,3.493
24507,3.493,3.493
24508,3.493,3.493
24509,3.493,3.493
24510,3.493,3.493
24511,3.493,3.493
24512,3.493,3.493
24513,3.493,3.493
24514,3.493,3.493
24515,3.493,3.493
24516,3.493,3.493
24517,3.493,3.493
24518,3.493,3.493
24519,3.493,3.493
24520,3.493,3.493
24521,3.493,3.493
24522,3.493,3.493
24523,3.493,3.493
24524,3.493,3.493
24525,3.493,3.493
24526,3.493,3.493
24527,3.493,3.493
24528,3.493,3.493
24529,3.493,3.493
24530,3.493,3.493
24531,3.493,3.493
24532,3.493,3.493
24533,3.493,3.493
24534,3.493,3.493
24535,3.493,3.493
24536,3.493,3.493
24537,3.493,3.493
24538,3.493,3.493
24539,3.493,3.493
24540,3.493,3.493
24541,3.493,3.493
24542,3.493,3.493
24543,3.493,3.493
24544,3.493,3.493
24545,3.493,3.493
24546,3.493,3.493
24547,3.493,3.493
24548,3.493,3.493
24549,3.493,3.493
24550,3.493,3.493
24551,3.493,3.493
24552,3.493,3.493
24553,3.493,3.493
24554,3.493,3.493
24555,3.493,3.493
24556,3.493,3.493
24557,3.493,3.493
24558,3.493,3.493
24559,3.493,3.493
24560,3.493,3.493
24561,3.493,3.493
24562,3.493,3.493
24563,3.493,3.493
24564,3.493,3.493
24565,3.493,3.493
24566,3.493,3.493
24567,3.493,3.493
24568,3.493,3.493
24569,3.493,3.493
24570,3.493,3.493
24571,3.493,3.493
24572,3.493,3.493
24573,3.493,3.493
24574,3.493,3.493
24575,3.493,3.493
24576,3.493,3.493
24577,3.493,3.493
24578,3.493,3.493
24579,3.493,3.493
24580,3.493,3.493
24581,3.493,3.493
24582,3.493,3.493
24583,3.493,3.493
24584,3.493,3.493
24585,3.493,3.493
24586,3.493,3.493
24587,3.493,3.493
24588,3.493,3.493
24589,3.493,3.493
24590,3.493,3.493
24591,3.493,3.493
24592,3.493,3.493
24593,3.493,3.493
24594,3.493,3.493
24595,3.493,3.493
24596,3.493,3.493
24597,3.493,3.493
24598,3.493,3.493
24599,3.493,3.493
24600,3.493,3.493
24601,3.493,3.493
24602,3.493,3.493
24603,3.493,3.493
24604,3.493,3.493
24605,3.493,3.493
24606,3.493,3.493
24607,3.493,3.493
24608,3.493,3.493
24609,3.493,3.493
24610,3.493,3.493
24611,3.493,3.493
24612,3.493,3.493
24613,3.493,3.493
24614,3.493,3.493
24615,3.493,3.493
24616,3.493,3.493
24617,3.493,3.493
24618,3.493,3.493
24619,3.493,3.493
24620,3.493,3.493
24621,3.493,3.493
24622,3.493,3.493
24623,3.493,3.493
24624,3.493,3.493
24625,3.493,3.493
24626,3.493,3.493
24627,3.493,3.493
24628,3.493,3.493
24629,3.493,3.493
24630,3.493,3.493
24631,3.493,3.493
24632,3.493,3.493
24633,3.493,3.493
24634,3.493,3.493
24635,3.493,3.493
24636,3.493,3.493
24637,3.493,3.493
24638,3.493,3.493
24639,3.493,3.493
24640,3.493,3.493
24641,3.493,3.493
24642,3.493,3.493
24643,3.493,3.493
24644,3.493,3.493
24645,3.493,3.493
24646,3.493,3.493
24647,3.493,3.493
24648,3.493,3.493
24649,3.493,3.493
24650,3.493,3.493
24651,3.493,3.493
24652,3.493,3.493
24653,3.493,3.493
24654,3.493,3.493
24655,3.493,3.493
24656,3.493,3.493
24657,3.493,3.493
24658,3.493,3.493
24659,3.493,3.493
24660,3.493,3.493
24661,3.493,3.493
24662,3.493,3.493
24663,3.493,3.493
24664,3.493,3.493
24665,3.493,3.493
24666,3.493,3.493
24667,3.493,3.493
24668,3.493,3.493
24669,3.493,3.493
24670,3.493,3.493
24671,3.493,3.493
24672,3.493,3.493
24673,3.493,3.493
24674,3.493,3.493
24675,3.493,3.493
24676,3.493,3.493
24677,3.493,3.493
24678,3.493,3.493
24679,3.493,3.493
24680,3.493,3.493
24681,3.493,3.493
24682,3.493,3.493
24683,3.493,3.493
24684,3.493,3.493
24685,3.493,3.493
24686,3.493,3.493
24687,3.493,3.493
24688,3.493,3.493
24689,3.493,3.493
24690,3.493,3.493
24691,3.493,3.493
24692,3.493,3.493
24693,3.493,3.493
24694,3.493,3.493
24695,3.493,3.493
24696,3.493,3.493
24697,3.493,3.493
24698,3.493,3.493
24699,3.493,3.493
24700,3.493,3.493
24701,3.493,3.493
24702,3.493,3.493
24703,3.493,3.493
24704,3.493,3.493
24705,3.493,3.493
24706,3.493,3.493
24707,3.493,3.493
24708,3.493,3.493
24709,3.493,3.493
24710,3.493,3.493
24711,3.493,3.493
24712,3.493,3.493
24713,3.493,3.493
24714,3.493,3.493
24715,3.493,3.493
24716,3.493,3.493
24717,3.493,3.493
24718,3.493,3.493
24719,3.493,3.493
24720,3.493,3.493
24721,3.493,3.493
24722,3.493,3.493
24723,3.493,3.493
24724,3.493,3.493
24725,3.493,3.493
24726,3.493,3.493
24727,3.493,3.493
24728,3.493,3.493
24729,3.493,3.493
24730,3.493,3.493
24731,3.493,3.493
24732,3.493,3.493
24733,3.493,3.493
24734,3.493,3.493
24735,3.493,3.493
24736,3.493,3.493
24737,3.493,3.493
24738,3.493,3.493
24739,3.493,3.493
24740,3.493,3.493
24741,3.493,3.493
24742,3.493,3.493
24743,3.493,3.493
24744,3.493,3.493
24745,3.493,3.493
24746,3.493,3.493
24747,3.493,3.493
24748,3.493,3.493
24749,3.493,3.493
24750,3.493,3.493
24751,3.493,3.493
24752,3.493,3.493
24753,3.493,3.493
24754,3.493,3.493
24755,3.493,3.493
24756,3.493,3.493
24757,3.493,3.493
24758,3.493,3.493
24759,3.493,3.493
24760,3.493,3.493
24761,3.493,3.493
24762,3.493,3.493
24763,3.493,3.493
24764,3.493,3.493
24765,3.493,3.493
24766,3.493,3.493
24767,3.493,3.493
24768,3.493,3.493
24769,3.493,3.493
24770,3.493,3.493
24771,3.493,3.493
24772,3.493,3.493
24773,3.493,3.493
24774,3.493,3.493
24775,3.493,3.493
24776,3.493,3.493
24777,3.493,3.493
24778,3.493,3.493
24779,3.493,3.493
24780,3.493,3.493
24781,3.493,3.493
24782,3.493,3.493
24783,3.493,3.493
24784,3.493,3.493
24785,3.493,3.493
24786,3.493,3.493
24787,3.493,3.493
24788,3.493,3.493
24789,3.493,3.493
24790,3.493,3.493
24791,3.493,3.493
24792,3.493,3.493
24793,3.493,3.493
24794,3.493,3.493
24795,3.493,3.493
24796,3.493,3.493
24797,3.493,3.493
24798,3.493,3.493
24799,3.493,3.493
24800,3.493,3.493
24801,3.493,3.493
24802,3.493,3.493
24803,3.493,3.493
24804,3.493,3.493
24805,3.493,3.493
24806,3.493,3.493
24807,3.493,3.493
24808,3.493,3.493
24809,3.493,3.493
24810,3.493,3.493
24811,3.493,3.493
24812,3.493,3.493
24813,3.493,3.493
24814,3.493,3.493
24815,3.493,3.493
24816,3.493,3.493
24817,3.493,3.493
24818,3.493,3.493
24819,3.493,3.493
24820,3.493,3.493
24821,3.493,3.493
24822,3.493,3.493
24823,3.493,3.493
24824,3.493,3.493
24825,3.493,3.493
24826,3.493,3.493
24827,3.493,3.493
24828,3.493,3.493
24829,3.493,3.493
24830,3.493,3.493
24831,3.493,3.493
24832,3.493,3.493
24833,3.493,3.493
24834,3.493,3.493
24835,3.493,3.493
24836,3.493,3.493
24837,3.493,3.493
24838,3.493,3.493
24839,3.493,3.493
24840,3.493,3.493
24841,3.493,3.493
24842,3.493,3.493
24843,3.493,3.493
24844,3.493,3.493
24845,3.493,3.493
24846,3.493,3.493
24847,3.493,3.493
24848,3.493,3.493
24849,3.493,3.493
24850,3.493,3.493
24851,3.493,3.493
24852,3.493,3.493
24853,3.493,3.493
24854,3.493,3.493
24855,3.493,3.493
24856,3.493,3.493
24857,3.493,3.493
24858,3.493,3.493
24859,3.493,3.493
24860,3.493,3.493
24861,3.493,3.493
24862,3.493,3.493
24863,3.493,3.493
24864,3.493,3.493
24865,3.493,3.493
24866,3.493,3.493
24867,3.493,3.493
24868,3.493,3.493
24869,3.493,3.493
24870,3.493,3.493
24871,3.493,3.493
24872,3.493,3.493
24873,3.493,3.493
24874,3.493,3.493
24875,3.493,3.493
24876,3.493,3.493
24877,3.493,3.493
24878,3.493,3.493
24879,3.493,3.493
24880,3.493,3.493
24881,3.493,3.493
24882,3.493,3.493
24883,3.493,3.493
24884,3.493,3.493
24885,3.493,3.493
24886,3.493,3.493
24887,3.493,3.493
24888,3.493,3.493
24889,3.493,3.493
24890,3.493,3.493
24891,3.493,3.493
24892,3.493,3.493
24893,3.493,3.493
24894,3.493,3.493
24895,3.493,3.493
24896,3.493,3.493
24897,3.493,3.493
24898,3.493,3.493
24899,3.493,3.493
24900,3.493,3.493
24901,3.493,3.493
24902,3.493,3.493
24903,3.493,3.493
24904,3.493,3.493
24905,3.493,3.493
24906,3.493,3.493
24907,3.493,3.493
24908,3.493,3.493
24909,3.493,3.493
24910,3.493,3.493
24911,3.493,3.493
24912,3.493,3.493
24913,3.493,3.493
24914,3.493,3.493
24915,3.493,3.493
24916,3.493,3.493
24917,3.493,3.493
24918,3.493,3.493
24919,3.493,3.493
24920,3.493,3.493
24921,3.493,3.493
24922,3.493,3.493
24923,3.493,3.493
24924,3.493,3.493
24925,3.493,3.493
24926,3.493,3.493
24927,3.493,3.493
24928,3.493,3.493
24929,3.493,3.493
24930,3.493,3.493
24931,3.493,3.493
24932,3.493,3.493
24933,3.493,3.493
24934,3.493,3.493
24935,3.493,3.493
24936,3.493,3.493
24937,3.493,3.493
24938,3.493,3.493
24939,3.493,3.493
24940,3.493,3.493
24941,3.493,3.493
24942,3.493,3.493
24943,3.493,3.493
24944,3.493,3.493
24945,3.493,3.493
24946,3.493,3.493
24947,3.493,3.493
24948,3.493,3.493
24949,3.493,3.493
24950,3.493,3.493
24951,3.493,3.493
24952,3.493,3.493
24953,3.493,3.493
24954,3.493,3.493
24955,3.493,3.493
24956,3.493,3.493
24957,3.493,3.493
24958,3.493,3.493
24959,3.493,3.493
24960,3.493,3.493
24961,3.493,3.493
24962,3.493,3.493
24963,3.493,3.493
24964,3.493,3.493
24965,3.493,3.493
24966,3.493,3.493
24967,3.493,3.493
24968,3.493,3.493
24969,3.493,3.493
24970,3.493,3.493
24971,3.493,3.493
24972,3.493,3.493
24973,3.493,3.493
24974,3.493,3.493
24975,3.493,3.493
24976,3.493,3.493
24977,3.493,3.493
24978,3.493,3.493
24979,3.493,3.493
24980,3.493,3.493
24981,3.493,3.493
24982,3.493,3.493
24983,3.493,3.493
24984,3.493,3.493
24985,3.493,3.493
24986,3.493,3.493
24987,3.493,3.493
24988,3.493,3.493
24989,3.493,3.493
24990,3.493,3.493
24991,3.493,3.493
24992,3.493,3.493
24993,3.493,3.493
24994,3.493,3.493
24995,3.493,3.493
24996,3.493,3.493
24997,3.493,3.493
24998,3.493,3.493
24999,3.493,3.493
25000,3.493,3.493
25001,3.493,3.493
25002,3.493,3.493
25003,3.493,3.493
25004,3.493,3.493
25005,3.493,3.493
25006,3.493,3.493
25007,3.493,3.493
25008,3.493,3.493
25009,3.493,3.493
25010,3.493,3.493
25011,3.493,3.493
25012,3.493,3.493
25013,3.493,3.493
25014,3.493,3.493
25015,3.493,3.493
25016,3.493,3.493
25017,3.493,3.493
25018,3.493,3.493
25019,3.493,3.493
25020,3.493,3.493
25021,3.493,3.493
25022,3.493,3.493
25023,3.493,3.493
25024,3.493,3.493
25025,3.493,3.493
25026,3.493,3.493
25027,3.493,3.493
25028,3.493,3.493
25029,3.493,3.493
25030,3.493,3.493
25031,3.493,3.493
25032,3.493,3.493
25033,3.493,3.493
25034,3.493,3.493
25035,3.493,3.493
25036,3.493,3.493
25037,3.493,3.493
25038,3.493,3.493
25039,3.493,3.493
25040,3.493,3.493
25041,3.493,3.493
25042,3.493,3.493
25043,3.493,3.493
25044,3.493,3.493
25045,3.493,3.493
25046,3.493,3.493
25047,3.493,3.493
25048,3.493,3.493
25049,3.493,3.493
25050,3.493,3.493
25051,3.493,3.493
25052,3.493,3.493
25053,3.493,3.493
25054,3.493,3.493
25055,3.493,3.493
25056,3.493,3.493
25057,3.493,3.493
25058,3.493,3.493
25059,3.493,3.493
25060,3.493,3.493
25061,3.493,3.493
25062,3.493,3.493
25063,3.493,3.493
25064,3.493,3.493
25065,3.493,3.493
25066,3.493,3.493
25067,3.493,3.493
25068,3.493,3.493
25069,3.493,3.493
25070,3.493,3.493
25071,3.493,3.493
25072,3.493,3.493
25073,3.493,3.493
25074,3.493,3.493
25075,3.493,3.493
25076,3.493,3.493
25077,3.493,3.493
25078,3.493,3.493
25079,3.493,3.493
25080,3.493,3.493
25081,3.493,3.493
25082,3.493,3.493
25083,3.493,3.493
25084,3.493,3.493
25085,3.493,3.493
25086,3.493,3.493
25087,3.493,3.493
25088,3.493,3.493
25089,3.493,3.493
25090,3.493,3.493
25091,3.493,3.493
25092,3.493,3.493
25093,3.493,3.493
25094,3.493,3.493
25095,3.493,3.493
25096,3.493,3.493
25097,3.493,3.493
25098,3.493,3.493
25099,3.493,3.493
25100,3.493,3.493
25101,3.493,3.493
25102,3.493,3.493
25103,3.493,3.493
25104,3.493,3.493
25105,3.493,3.493
25106,3.493,3.493
25107,3.493,3.493
25108,3.493,3.493
25109,3.493,3.493
25110,3.493,3.493
25111,3.493,3.493
25112,3.493,3.493
25113,3.493,3.493
25114,3.493,3.493
25115,3.493,3.493
25116,3.493,3.493
25117,3.493,3.493
25118,3.493,3.493
25119,3.493,3.493
25120,3.493,3.493
25121,3.493,3.493
25122,3.493,3.493
25123,3.493,3.493
25124,3.493,3.493
25125,3.493,3.493
25126,3.493,3.493
25127,3.493,3.493
25128,3.493,3.493
25129,3.493,3.493
25130,3.493,3.493
25131,3.493,3.493
25132,3.493,3.493
25133,3.493,3.493
25134,3.493,3.493
25135,3.493,3.493
25136,3.493,3.493
25137,3.493,3.493
25138,3.493,3.493
25139,3.493,3.493
25140,3.493,3.493
25141,3.493,3.493
25142,3.493,3.493
25143,3.493,3.493
25144,3.493,3.493
25145,3.493,3.493
25146,3.493,3.493
25147,3.493,3.493
25148,3.493,3.493
25149,3.493,3.493
25150,3.493,3.493
25151,3.493,3.493
25152,3.493,3.493
25153,3.493,3.493
25154,3.493,3.493
25155,3.493,3.493
25156,3.493,3.493
25157,3.493,3.493
25158,3.493,3.493
25159,3.493,3.493
25160,3.493,3.493
25161,3.493,3.493
25162,3.493,3.493
25163,3.493,3.493
25164,3.493,3.493
25165,3.493,3.493
25166,3.493,3.493
25167,3.493,3.493
25168,3.493,3.493
25169,3.493,3.493
25170,3.493,3.493
25171,3.493,3.493
25172,3.493,3.493
25173,3.493,3.493
25174,3.493,3.493
25175,3.493,3.493
25176,3.493,3.493
25177,3.493,3.493
25178,3.493,3.493
25179,3.493,3.493
25180,3.493,3.493
25181,3.493,3.493
25182,3.493,3.493
25183,3.493,3.493
25184,3.493,3.493
25185,3.493,3.493
25186,3.493,3.493
25187,3.493,3.493
25188,3.493,3.493
25189,3.493,3.493
25190,3.493,3.493
25191,3.493,3.493
25192,3.493,3.493
25193,3.493,3.493
25194,3.493,3.493
25195,3.493,3.493
25196,3.493,3.493
25197,3.493,3.493
25198,3.493,3.493
25199,3.493,3.493
25200,3.493,3.493
25201,3.493,3.493
25202,3.493,3.493
25203,3.493,3.493
25204,3.493,3.493
25205,3.493,3.493
25206,3.493,3.493
25207,3.493,3.493
25208,3.493,3.493
25209,3.493,3.493
25210,3.493,3.493
25211,3.493,3.493
25212,3.493,3.493
25213,3.493,3.493
25214,3.493,3.493
25215,3.493,3.493
25216,3.493,3.493
25217,3.493,3.493
25218,3.493,3.493
25219,3.493,3.493
25220,3.493,3.493
25221,3.493,3.493
25222,3.493,3.493
25223,3.493,3.493
25224,3.493,3.493
25225,3.493,3.493
25226,3.493,3.493
25227,3.493,3.493
25228,3.493,3.493
25229,3.493,3.493
25230,3.493,3.493
25231,3.493,3.493
25232,3.493,3.493
25233,3.493,3.493
25234,3.493,3.493
25235,3.493,3.493
25236,3.493,3.493
25237,3.493,3.493
25238,3.493,3.493
25239,3.493,3.493
25240,3.493,3.493
25241,3.493,3.493
25242,3.493,3.493
25243,3.493,3.493
25244,3.493,3.493
25245,3.493,3.493
25246,3.493,3.493
25247,3.493,3.493
25248,3.493,3.493
25249,3.493,3.493
25250,3.493,3.493
25251,3.493,3.493
25252,3.493,3.493
25253,3.493,3.493
25254,3.493,3.493
25255,3.493,3.493
25256,3.493,3.493
25257,3.493,3.493
25258,3.493,3.493
25259,3.493,3.493
25260,3.493,3.493
25261,3.493,3.493
25262,3.493,3.493
25263,3.493,3.493
25264,3.493,3.493
25265,3.493,3.493
25266,3.493,3.493
25267,3.493,3.493
25268,3.493,3.493
25269,3.493,3.493
25270,3.493,3.493
25271,3.493,3.493
25272,3.493,3.493
25273,3.493,3.493
25274,3.493,3.493
25275,3.493,3.493
25276,3.493,3.493
25277,3.493,3.493
25278,3.493,3.493
25279,3.493,3.493
25280,3.493,3.493
25281,3.493,3.493
25282,3.493,3.493
25283,3.493,3.493
25284,3.493,3.493
25285,3.493,3.493
25286,3.493,3.493
25287,3.493,3.493
25288,3.493,3.493
25289,3.493,3.493
25290,3.493,3.493
25291,3.493,3.493
25292,3.493,3.493
25293,3.493,3.493
25294,3.493,3.493
25295,3.493,3.493
25296,3.493,3.493
25297,3.493,3.493
25298,3.493,3.493
25299,3.493,3.493
25300,3.493,3.493
25301,3.493,3.493
25302,3.493,3.493
25303,3.493,3.493
25304,3.493,3.493
25305,3.493,3.493
25306,3.493,3.493
25307,3.493,3.493
25308,3.493,3.493
25309,3.493,3.493
25310,3.493,3.493
25311,3.493,3.493
25312,3.493,3.493
25313,3.493,3.493
25314,3.493,3.493
25315,3.493,3.493
25316,3.493,3.493
25317,3.493,3.493
25318,3.493,3.493
25319,3.493,3.493
25320,3.493,3.493
25321,3.493,3.493
25322,3.493,3.493
25323,3.493,3.493
25324,3.493,3.493
25325,3.493,3.493
25326,3.493,3.493
25327,3.493,3.493
25328,3.493,3.493
25329,3.493,3.493
25330,3.493,3.493
25331,3.493,3.493
25332,3.493,3.493
25333,3.493,3.493
25334,3.493,3.493
25335,3.493,3.493
25336,3.493,3.493
25337,3.493,3.493
25338,3.493,3.493
25339,3.493,3.493
25340,3.493,3.493
25341,3.493,3.493
25342,3.493,3.493
25343,3.493,3.493
25344,3.493,3.493
25345,3.493,3.493
25346,3.493,3.493
25347,3.493,3.493
25348,3.493,3.493
25349,3.493,3.493
25350,3.493,3.493
25351,3.493,3.493
25352,3.493,3.493
25353,3.493,3.493
25354,3.493,3.493
25355,3.493,3.493
25356,3.493,3.493
25357,3.493,3.493
25358,3.493,3.493
25359,3.493,3.493
25360,3.493,3.493
25361,3.493,3.493
25362,3.493,3.493
25363,3.493,3.493
25364,3.493,3.493
25365,3.493,3.493
25366,3.493,3.493
25367,3.493,3.493
25368,3.493,3.493
25369,3.493,3.493
25370,3.493,3.493
25371,3.493,3.493
25372,3.493,3.493
25373,3.493,3.493
25374,3.493,3.493
25375,3.493,3.493
25376,3.493,3.493
25377,3.493,3.493
25378,3.493,3.493
25379,3.493,3.493
25380,3.493,3.493
25381,3.493,3.493
25382,3.493,3.493
25383,3.493,3.493
25384,3.493,3.493
25385,3.493,3.493
25386,3.493,3.493
25387,3.493,3.493
25388,3.493,3.493
25389,3.493,3.493
25390,3.493,3.493
25391,3.493,3.493
25392,3.493,3.493
25393,3.493,3.493
25394,3.493,3.493
25395,3.493,3.493
25396,3.493,3.493
25397,3.493,3.493
25398,3.493,3.493
25399,3.493,3.493
25400,3.493,3.493
25401,3.493,3.493
25402,3.493,3.493
25403,3.493,3.493
25404,3.493,3.493
25405,3.493,3.493
25406,3.493,3.493
25407,3.493,3.493
25408,3.493,3.493
25409,3.493,3.493
25410,3.493,3.493
25411,3.493,3.493
25412,3.493,3.493
25413,3.493,3.493
25414,3.493,3.493
25415,3.493,3.493
25416,3.493,3.493
25417,3.493,3.493
25418,3.493,3.493
25419,3.493,3.493
25420,3.493,3.493
25421,3.493,3.493
25422,3.493,3.493
25423,3.493,3.493
25424,3.493,3.493
25425,3.493,3.493
25426,3.493,3.493
25427,3.493,3.493
25428,3.493,3.493
25429,3.493,3.493
25430,3.493,3.493
25431,3.493,3.493
25432,3.493,3.493
25433,3.493,3.493
25434,3.493,3.493
25435,3.493,3.493
25436,3.493,3.493
25437,3.493,3.493
25438,3.493,3.493
25439,3.493,3.493
25440,3.493,3.493
25441,3.493,3.493
25442,3.493,3.493
25443,3.493,3.493
25444,3.493,3.493
25445,3.493,3.493
25446,3.493,3.493
25447,3.493,3.493
25448,3.493,3.493
25449,3.493,3.493
25450,3.493,3.493
25451,3.493,3.493
25452,3.493,3.493
25453,3.493,3.493
25454,3.493,3.493
25455,3.493,3.493
25456,3.493,3.493
25457,3.493,3.493
25458,3.493,3.493
25459,3.493,3.493
25460,3.493,3.493
25461,3.493,3.493
25462,3.493,3.493
25463,3.493,3.493
25464,3.493,3.493
25465,3.493,3.493
25466,3.493,3.493
25467,3.493,3.493
25468,3.493,3.493
25469,3.493,3.493
25470,3.493,3.493
25471,3.493,3.493
25472,3.493,3.493
25473,3.493,3.493
25474,3.493,3.493
25475,3.493,3.493
25476,3.493,3.493
25477,3.493,3.493
25478,3.493,3.493
25479,3.493,3.493
25480,3.493,3.493
25481,3.493,3.493
25482,3.493,3.493
25483,3.493,3.493
25484,3.493,3.493
25485,3.493,3.493
25486,3.493,3.493
25487,3.493,3.493
25488,3.493,3.493
25489,3.493,3.493
25490,3.493,3.493
25491,3.493,3.493
25492,3.493,3.493
25493,3.493,3.493
25494,3.493,3.493
25495,3.493,3.493
25496,3.493,3.493
25497,3.493,3.493
25498,3.493,3.493
25499,3.493,3.493
25500,3.493,3.493
25501,3.493,3.493
25502,3.493,3.493
25503,3.493,3.493
25504,3.493,3.493
25505,3.493,3.493
25506,3.493,3.493
25507,3.493,3.493
25508,3.493,3.493
25509,3.493,3.493
25510,3.493,3.493
25511,3.493,3.493
25512,3.493,3.493
25513,3.493,3.493
25514,3.493,3.493
25515,3.493,3.493
25516,3.493,3.493
25517,3.493,3.493
25518,3.493,3.493
25519,3.493,3.493
25520,3.493,3.493
25521,3.493,3.493
25522,3.493,3.493
25523,3.493,3.493
25524,3.493,3.493
25525,3.493,3.493
25526,3.493,3.493
25527,3.493,3.493
25528,3.493,3.493
25529,3.493,3.493
25530,3.493,3.493
25531,3.493,3.493
25532,3.493,3.493
25533,3.493,3.493
25534,3.493,3.493
25535,3.493,3.493
25536,3.493,3.493
25537,3.493,3.493
25538,3.493,3.493
25539,3.493,3.493
25540,3.493,3.493
25541,3.493,3.493
25542,3.493,3.493
25543,3.493,3.493
25544,3.493,3.493
25545,3.493,3.493
25546,3.493,3.493
25547,3.493,3.493
25548,3.493,3.493
25549,3.493,3.493
25550,3.493,3.493
25551,3.493,3.493
25552,3.493,3.493
25553,3.493,3.493
25554,3.493,3.493
25555,3.493,3.493
25556,3.493,3.493
25557,3.493,3.493
25558,3.493,3.493
25559,3.493,3.493
25560,3.493,3.493
25561,3.493,3.493
25562,3.493,3.493
25563,3.493,3.493
25564,3.493,3.493
25565,3.493,3.493
25566,3.493,3.493
25567,3.493,3.493
25568,3.493,3.493
25569,3.493,3.493
25570,3.493,3.493
25571,3.493,3.493
25572,3.493,3.493
25573,3.493,3.493
25574,3.493,3.493
25575,3.493,3.493
25576,3.493,3.493
25577,3.493,3.493
25578,3.493,3.493
25579,3.493,3.493
25580,3.493,3.493
25581,3.493,3.493
25582,3.493,3.493
25583,3.493,3.493
25584,3.493,3.493
25585,3.493,3.493
25586,3.493,3.493
25587,3.493,3.493
25588,3.493,3.493
25589,3.493,3.493
25590,3.493,3.493
25591,3.493,3.493
25592,3.493,3.493
25593,3.493,3.493
25594,3.493,3.493
25595,3.493,3.493
25596,3.493,3.493
25597,3.493,3.493
25598,3.493,3.493
25599,3.493,3.493
25600,3.493,3.493
25601,3.493,3.493
25602,3.493,3.493
25603,3.493,3.493
25604,3.493,3.493
25605,3.493,3.493
25606,3.493,3.493
25607,3.493,3.493
25608,3.493,3.493
25609,3.493,3.493
25610,3.493,3.493
25611,3.493,3.493
25612,3.493,3.493
25613,3.493,3.493
25614,3.493,3.493
25615,3.493,3.493
25616,3.493,3.493
25617,3.493,3.493
25618,3.493,3.493
25619,3.493,3.493
25620,3.493,3.493
25621,3.493,3.493
25622,3.493,3.493
25623,3.493,3.493
25624,3.493,3.493
25625,3.493,3.493
25626,3.493,3.493
25627,3.493,3.493
25628,3.493,3.493
25629,3.493,3.493
25630,3.493,3.493
25631,3.493,3.493
25632,3.493,3.493
25633,3.493,3.493
25634,3.493,3.493
25635,3.493,3.493
25636,3.493,3.493
25637,3.493,3.493
25638,3.493,3.493
25639,3.493,3.493
25640,3.493,3.493
25641,3.493,3.493
25642,3.493,3.493
25643,3.493,3.493
25644,3.493,3.493
25645,3.493,3.493
25646,3.493,3.493
25647,3.493,3.493
25648,3.493,3.493
25649,3.493,3.493
25650,3.493,3.493
25651,3.493,3.493
25652,3.493,3.493
25653,3.493,3.493
25654,3.493,3.493
25655,3.493,3.493
25656,3.493,3.493
25657,3.493,3.493
25658,3.493,3.493
25659,3.493,3.493
25660,3.493,3.493
25661,3.493,3.493
25662,3.493,3.493
25663,3.493,3.493
25664,3.493,3.493
25665,3.493,3.493
25666,3.493,3.493
25667,3.493,3.493
25668,3.493,3.493
25669,3.493,3.493
25670,3.493,3.493
25671,3.493,3.493
25672,3.493,3.493
25673,3.493,3.493
25674,3.493,3.493
25675,3.493,3.493
25676,3.493,3.493
25677,3.493,3.493
25678,3.493,3.493
25679,3.493,3.493
25680,3.493,3.493
25681,3.493,3.493
25682,3.493,3.493
25683,3.493,3.493
25684,3.493,3.493
25685,3.493,3.493
25686,3.493,3.493
25687,3.493,3.493
25688,3.493,3.493
25689,3.493,3.493
25690,3.493,3.493
25691,3.493,3.493
25692,3.493,3.493
25693,3.493,3.493
25694,3.493,3.493
25695,3.493,3.493
25696,3.493,3.493
25697,3.493,3.493
25698,3.493,3.493
25699,3.493,3.493
25700,3.493,3.493
25701,3.493,3.493
25702,3.493,3.493
25703,3.493,3.493
25704,3.493,3.493
25705,3.493,3.493
25706,3.493,3.493
25707,3.493,3.493
25708,3.493,3.493
25709,3.493,3.493
25710,3.493,3.493
25711,3.493,3.493
25712,3.493,3.493
25713,3.493,3.493
25714,3.493,3.493
25715,3.493,3.493
25716,3.493,3.493
25717,3.493,3.493
25718,3.493,3.493
25719,3.493,3.493
25720,3.493,3.493
25721,3.493,3.493
25722,3.493,3.493
25723,3.493,3.493
25724,3.493,3.493
25725,3.493,3.493
25726,3.493,3.493
25727,3.493,3.493
25728,3.493,3.493
25729,3.493,3.493
25730,3.493,3.493
25731,3.493,3.493
25732,3.493,3.493
25733,3.493,3.493
25734,3.493,3.493
25735,3.493,3.493
25736,3.493,3.493
25737,3.493,3.493
25738,3.493,3.493
25739,3.493,3.493
25740,3.493,3.493
25741,3.493,3.493
25742,3.493,3.493
25743,3.493,3.493
25744,3.493,3.493
25745,3.493,3.493
25746,3.493,3.493
25747,3.493,3.493
25748,3.493,3.493
25749,3.493,3.493
25750,3.493,3.493
25751,3.493,3.493
25752,3.493,3.493
25753,3.493,3.493
25754,3.493,3.493
25755,3.493,3.493
25756,3.493,3.493
25757,3.493,3.493
25758,3.493,3.493
25759,3.493,3.493
25760,3.493,3.493
25761,3.493,3.493
25762,3.493,3.493
25763,3.493,3.493
25764,3.493,3.493
25765,3.493,3.493
25766,3.493,3.493
25767,3.493,3.493
25768,3.493,3.493
25769,3.493,3.493
25770,3.493,3.493
25771,3.493,3.493
25772,3.493,3.493
25773,3.493,3.493
25774,3.493,3.493
25775,3.493,3.493
25776,3.493,3.493
25777,3.493,3.493
25778,3.493,3.493
25779,3.493,3.493
25780,3.493,3.493
25781,3.493,3.493
25782,3.493,3.493
25783,3.493,3.493
25784,3.493,3.493
25785,3.493,3.493
25786,3.493,3.493
25787,3.493,3.493
25788,3.493,3.493
25789,3.493,3.493
25790,3.493,3.493
25791,3.493,3.493
25792,3.493,3.493
25793,3.493,3.493
25794,3.493,3.493
25795,3.493,3.493
25796,3.493,3.493
25797,3.493,3.493
25798,3.493,3.493
25799,3.493,3.493
25800,3.493,3.493
25801,3.493,3.493
25802,3.493,3.493
25803,3.493,3.493
25804,3.493,3.493
25805,3.493,3.493
25806,3.493,3.493
25807,3.493,3.493
25808,3.493,3.493
25809,3.493,3.493
25810,3.493,3.493
25811,3.493,3.493
25812,3.493,3.493
25813,3.493,3.493
25814,3.493,3.493
25815,3.493,3.493
25816,3.493,3.493
25817,3.493,3.493
25818,3.493,3.493
25819,3.493,3.493
25820,3.493,3.493
25821,3.493,3.493
25822,3.493,3.493
25823,3.493,3.493
25824,3.493,3.493
25825,3.493,3.493
25826,3.493,3.493
25827,3.493,3.493
25828,3.493,3.493
25829,3.493,3.493
25830,3.493,3.493
25831,3.493,3.493
25832,3.493,3.493
25833,3.493,3.493
25834,3.493,3.493
25835,3.493,3.493
25836,3.493,3.493
25837,3.493,3.493
25838,3.493,3.493
25839,3.493,3.493
25840,3.493,3.493
25841,3.493,3.493
25842,3.493,3.493
25843,3.493,3.493
25844,3.493,3.493
25845,3.493,3.493
25846,3.493,3.493
25847,3.493,3.493
25848,3.493,3.493
25849,3.493,3.493
25850,3.493,3.493
25851,3.493,3.493
25852,3.493,3.493
25853,3.493,3.493
25854,3.493,3.493
25855,3.493,3.493
25856,3.493,3.493
25857,3.493,3.493
25858,3.493,3.493
25859,3.493,3.493
25860,3.493,3.493
25861,3.493,3.493
25862,3.493,3.493
25863,3.493,3.493
25864,3.493,3.493
25865,3.493,3.493
25866,3.493,3.493
25867,3.493,3.493
25868,3.493,3.493
25869,3.493,3.493
25870,3.493,3.493
25871,3.493,3.493
25872,3.493,3.493
25873,3.493,3.493
25874,3.493,3.493
25875,3.493,3.493
25876,3.493,3.493
25877,3.493,3.493
25878,3.493,3.493
25879,3.493,3.493
25880,3.493,3.493
25881,3.493,3.493
25882,3.493,3.493
25883,3.493,3.493
25884,3.493,3.493
25885,3.493,3.493
25886,3.493,3.493
25887,3.493,3.493
25888,3.493,3.493
25889,3.493,3.493
25890,3.493,3.493
25891,3.493,3.493
25892,3.493,3.493
25893,3.493,3.493
25894,3.493,3.493
25895,3.493,3.493
25896,3.493,3.493
25897,3.493,3.493
25898,3.493,3.493
25899,3.493,3.493
25900,3.493,3.493
25901,3.493,3.493
25902,3.493,3.493
25903,3.493,3.493
25904,3.493,3.493
25905,3.493,3.493
25906,3.493,3.493
25907,3.493,3.493
25908,3.493,3.493
25909,3.493,3.493
25910,3.493,3.493
25911,3.493,3.493
25912,3.493,3.493
25913,3.493,3.493
25914,3.493,3.493
25915,3.493,3.493
25916,3.493,3.493
25917,3.493,3.493
25918,3.493,3.493
25919,3.493,3.493
25920,3.493,3.493
25921,3.493,3.493
25922,3.493,3.493
25923,3.493,3.493
25924,3.493,3.493
25925,3.493,3.493
25926,3.493,3.493
25927,3.493,3.493
25928,3.493,3.493
25929,3.493,3.493
25930,3.493,3.493
25931,3.493,3.493
25932,3.493,3.493
25933,3.493,3.493
25934,3.493,3.493
25935,3.493,3.493
25936,3.493,3.493
25937,3.493,3.493
25938,3.493,3.493
25939,3.493,3.493
25940,3.493,3.493
25941,3.493,3.493
25942,3.493,3.493
25943,3.493,3.493
25944,3.493,3.493
25945,3.493,3.493
25946,3.493,3.493
25947,3.493,3.493
25948,3.493,3.493
25949,3.493,3.493
25950,3.493,3.493
25951,3.493,3.493
25952,3.493,3.493
25953,3.493,3.493
25954,3.493,3.493
25955,3.493,3.493
25956,3.493,3.493
25957,3.493,3.493
25958,3.493,3.493
25959,3.493,3.493
25960,3.493,3.493
25961,3.493,3.493
25962,3.493,3.493
25963,3.493,3.493
25964,3.493,3.493
25965,3.493,3.493
25966,3.493,3.493
25967,3.493,3.493
25968,3.493,3.493
25969,3.493,3.493
25970,3.493,3.493
25971,3.493,3.493
25972,3.493,3.493
25973,3.493,3.493
25974,3.493,3.493
25975,3.493,3.493
25976,3.493,3.493
25977,3.493,3.493
25978,3.493,3.493
25979,3.493,3.493
25980,3.493,3.493
25981,3.493,3.493
25982,3.493,3.493
25983,3.493,3.493
25984,3.493,3.493
25985,3.493,3.493
25986,3.493,3.493
25987,3.493,3.493
25988,3.493,3.493
25989,3.493,3.493
25990,3.493,3.493
25991,3.493,3.493
25992,3.493,3.493
25993,3.493,3.493
25994,3.493,3.493
25995,3.493,3.493
25996,3.493,3.493
25997,3.493,3.493
25998,3.493,3.493
25999,3.493,3.493
26000,3.493,3.493
26001,3.493,3.493
26002,3.493,3.493
26003,3.493,3.493
26004,3.493,3.493
26005,3.493,3.493
26006,3.493,3.493
26007,3.493,3.493
26008,3.493,3.493
26009,3.493,3.493
26010,3.493,3.493
26011,3.493,3.493
26012,3.493,3.493
26013,3.493,3.493
26014,3.493,3.493
26015,3.493,3.493
26016,3.493,3.493
26017,3.493,3.493
26018,3.493,3.493
26019,3.493,3.493
26020,3.493,3.493
26021,3.493,3.493
26022,3.493,3.493
26023,3.493,3.493
26024,3.493,3.493
26025,3.493,3.493
26026,3.493,3.493
26027,3.493,3.493
26028,3.493,3.493
26029,3.493,3.493
26030,3.493,3.493
26031,3.493,3.493
26032,3.493,3.493
26033,3.493,3.493
26034,3.493,3.493
26035,3.493,3.493
26036,3.493,3.493
26037,3.493,3.493
26038,3.493,3.493
26039,3.493,3.493
26040,3.493,3.493
26041,3.493,3.493
26042,3.493,3.493
26043,3.493,3.493
26044,3.493,3.493
26045,3.493,3.493
26046,3.493,3.493
26047,3.493,3.493
26048,3.493,3.493
26049,3.493,3.493
26050,3.493,3.493
26051,3.493,3.493
26052,3.493,3.493
26053,3.493,3.493
26054,3.493,3.493
26055,3.493,3.493
26056,3.493,3.493
26057,3.493,3.493
26058,3.493,3.493
26059,3.493,3.493
26060,3.493,3.493
26061,3.493,3.493
26062,3.493,3.493
26063,3.493,3.493
26064,3.493,3.493
26065,3.493,3.493
26066,3.493,3.493
26067,3.493,3.493
26068,3.493,3.493
26069,3.493,3.493
26070,3.493,3.493
26071,3.493,3.493
26072,3.493,3.493
26073,3.493,3.493
26074,3.493,3.493
26075,3.493,3.493
26076,3.493,3.493
26077,3.493,3.493
26078,3.493,3.493
26079,3.493,3.493
26080,3.493,3.493
26081,3.493,3.493
26082,3.493,3.493
26083,3.493,3.493
26084,3.493,3.493
26085,3.493,3.493
26086,3.493,3.493
26087,3.493,3.493
26088,3.493,3.493
26089,3.493,3.493
26090,3.493,3.493
26091,3.493,3.493
26092,3.493,3.493
26093,3.493,3.493
26094,3.493,3.493
26095,3.493,3.493
26096,3.493,3.493
26097,3.493,3.493
26098,3.493,3.493
26099,3.493,3.493
26100,3.493,3.493
26101,3.493,3.493
26102,3.493,3.493
26103,3.493,3.493
26104,3.493,3.493
26105,3.493,3.493
26106,3.493,3.493
26107,3.493,3.493
26108,3.493,3.493
26109,3.493,3.493
26110,3.493,3.493
26111,3.493,3.493
26112,3.493,3.493
26113,3.493,3.493
26114,3.493,3.493
26115,3.493,3.493
26116,3.493,3.493
26117,3.493,3.493
26118,3.493,3.493
26119,3.493,3.493
26120,3.493,3.493
26121,3.493,3.493
26122,3.493,3.493
26123,3.493,3.493
26124,3.493,3.493
26125,3.493,3.493
26126,3.493,3.493
26127,3.493,3.493
26128,3.493,3.493
26129,3.493,3.493
26130,3.493,3.493
26131,3.493,3.493
26132,3.493,3.493
26133,3.493,3.493
26134,3.493,3.493
26135,3.493,3.493
26136,3.493,3.493
26137,3.493,3.493
26138,3.493,3.493
26139,3.493,3.493
26140,3.493,3.493
26141,3.493,3.493
26142,3.493,3.493
26143,3.493,3.493
26144,3.493,3.493
26145,3.493,3.493
26146,3.493,3.493
26147,3.493,3.493
26148,3.493,3.493
26149,3.493,3.493
26150,3.493,3.493
26151,3.493,3.493
26152,3.493,3.493
26153,3.493,3.493
26154,3.493,3.493
26155,3.493,3.493
26156,3.493,3.493
26157,3.493,3.493
26158,3.493,3.493
26159,3.493,3.493
26160,3.493,3.493
26161,3.493,3.493
26162,3.493,3.493
26163,3.493,3.493
26164,3.493,3.493
26165,3.493,3.493
26166,3.493,3.493
26167,3.493,3.493
26168,3.493,3.493
26169,3.493,3.493
26170,3.493,3.493
26171,3.493,3.493
26172,3.493,3.493
26173,3.493,3.493
26174,3.493,3.493
26175,3.493,3.493
26176,3.493,3.493
26177,3.493,3.493
26178,3.493,3.493
26179,3.493,3.493
26180,3.493,3.493
26181,3.493,3.493
26182,3.493,3.493
26183,3.493,3.493
26184,3.493,3.493
26185,3.493,3.493
26186,3.493,3.493
26187,3.493,3.493
26188,3.493,3.493
26189,3.493,3.493
26190,3.493,3.493
26191,3.493,3.493
26192,3.493,3.493
26193,3.493,3.493
26194,3.493,3.493
26195,3.493,3.493
26196,3.493,3.493
26197,3.493,3.493
26198,3.493,3.493
26199,3.493,3.493
26200,3.493,3.493
26201,3.493,3.493
26202,3.493,3.493
26203,3.493,3.493
26204,3.493,3.493
26205,3.493,3.493
26206,3.493,3.493
26207,3.493,3.493
26208,3.493,3.493
26209,3.493,3.493
26210,3.493,3.493
26211,3.493,3.493
26212,3.493,3.493
26213,3.493,3.493
26214,3.493,3.493
26215,3.493,3.493
26216,3.493,3.493
26217,3.493,3.493
26218,3.493,3.493
26219,3.493,3.493
26220,3.493,3.493
26221,3.493,3.493
26222,3.493,3.493
26223,3.493,3.493
26224,3.493,3.493
26225,3.493,3.493
26226,3.493,3.493
26227,3.493,3.493
26228,3.493,3.493
26229,3.493,3.493
26230,3.493,3.493
26231,3.493,3.493
26232,3.493,3.493
26233,3.493,3.493
26234,3.493,3.493
26235,3.493,3.493
26236,3.493,3.493
26237,3.493,3.493
26238,3.493,3.493
26239,3.493,3.493
26240,3.493,3.493
26241,3.493,3.493
26242,3.493,3.493
26243,3.493,3.493
26244,3.493,3.493
26245,3.493,3.493
26246,3.493,3.493
26247,3.493,3.493
26248,3.493,3.493
26249,3.493,3.493
26250,3.493,3.493
26251,3.493,3.493
26252,3.493,3.493
26253,3.493,3.493
26254,3.493,3.493
26255,3.493,3.493
26256,3.493,3.493
26257,3.493,3.493
26258,3.493,3.493
26259,3.493,3.493
26260,3.493,3.493
26261,3.493,3.493
26262,3.493,3.493
26263,3.493,3.493
26264,3.493,3.493
26265,3.493,3.493
26266,3.493,3.493
26267,3.493,3.493
26268,3.493,3.493
26269,3.493,3.493
26270,3.493,3.493
26271,3.493,3.493
26272,3.493,3.493
26273,3.493,3.493
26274,3.493,3.493
26275,3.493,3.493
26276,3.493,3.493
26277,3.493,3.493
26278,3.493,3.493
26279,3.493,3.493
26280,3.493,3.493
26281,3.493,3.493
26282,3.493,3.493
26283,3.493,3.493
26284,3.493,3.493
26285,3.493,3.493
26286,3.493,3.493
26287,3.493,3.493
26288,3.493,3.493
26289,3.493,3.493
26290,3.493,3.493
26291,3.493,3.493
26292,3.493,3.493
26293,3.493,3.493
26294,3.493,3.493
26295,3.493,3.493
26296,3.493,3.493
26297,3.493,3.493
26298,3.493,3.493
26299,3.493,3.493
26300,3.493,3.493
26301,3.493,3.493
26302,3.493,3.493
26303,3.493,3.493
26304,3.493,3.493
26305,3.493,3.493
26306,3.493,3.493
26307,3.493,3.493
26308,3.493,3.493
26309,3.493,3.493
26310,3.493,3.493
26311,3.493,3.493
26312,3.493,3.493
26313,3.493,3.493
26314,3.493,3.493
26315,3.493,3.493
26316,3.493,3.493
26317,3.493,3.493
26318,3.493,3.493
26319,3.493,3.493
26320,3.493,3.493
26321,3.493,3.493
26322,3.493,3.493
26323,3.493,3.493
26324,3.493,3.493
26325,3.493,3.493
26326,3.493,3.493
26327,3.493,3.493
26328,3.493,3.493
26329,3.493,3.493
26330,3.493,3.493
26331,3.493,3.493
26332,3.493,3.493
26333,3.493,3.493
26334,3.493,3.493
26335,3.493,3.493
26336,3.493,3.493
26337,3.493,3.493
26338,3.493,3.493
26339,3.493,3.493
26340,3.493,3.493
26341,3.493,3.493
26342,3.493,3.493
26343,3.493,3.493
26344,3.493,3.493
26345,3.493,3.493
26346,3.493,3.493
26347,3.493,3.493
26348,3.493,3.493
26349,3.493,3.493
26350,3.493,3.493
26351,3.493,3.493
26352,3.493,3.493
26353,3.493,3.493
26354,3.493,3.493
26355,3.493,3.493
26356,3.493,3.493
26357,3.493,3.493
26358,3.493,3.493
26359,3.493,3.493
26360,3.493,3.493
26361,3.493,3.493
26362,3.493,3.493
26363,3.493,3.493
26364,3.493,3.493
26365,3.493,3.493
26366,3.493,3.493
26367,3.493,3.493
26368,3.493,3.493
26369,3.493,3.493
26370,3.493,3.493
26371,3.493,3.493
26372,3.493,3.493
26373,3.493,3.493
26374,3.493,3.493
26375,3.493,3.493
26376,3.493,3.493
26377,3.493,3.493
26378,3.493,3.493
26379,3.493,3.493
26380,3.493,3.493
26381,3.493,3.493
26382,3.493,3.493
26383,3.493,3.493
26384,3.493,3.493
26385,3.493,3.493
26386,3.493,3.493
26387,3.493,3.493
26388,3.493,3.493
26389,3.493,3.493
26390,3.493,3.493
26391,3.493,3.493
26392,3.493,3.493
26393,3.493,3.493
26394,3.493,3.493
26395,3.493,3.493
26396,3.493,3.493
26397,3.493,3.493
26398,3.493,3.493
26399,3.493,3.493
26400,3.493,3.493
26401,3.493,3.493
26402,3.493,3.493
26403,3.493,3.493
26404,3.493,3.493
26405,3.493,3.493
26406,3.493,3.493
26407,3.493,3.493
26408,3.493,3.493
26409,3.493,3.493
26410,3.493,3.493
26411,3.493,3.493
26412,3.493,3.493
26413,3.493,3.493
26414,3.493,3.493
26415,3.493,3.493
26416,3.493,3.493
26417,3.493,3.493
26418,3.493,3.493
26419,3.493,3.493
26420,3.493,3.493
26421,3.493,3.493
26422,3.493,3.493
26423,3.493,3.493
26424,3.493,3.493
26425,3.493,3.493
26426,3.493,3.493
26427,3.493,3.493
26428,3.493,3.493
26429,3.493,3.493
26430,3.493,3.493
26431,3.493,3.493
26432,3.493,3.493
26433,3.493,3.493
26434,3.493,3.493
26435,3.493,3.493
26436,3.493,3.493
26437,3.493,3.493
26438,3.493,3.493
26439,3.493,3.493
26440,3.493,3.493
26441,3.493,3.493
26442,3.493,3.493
26443,3.493,3.493
26444,3.493,3.493
26445,3.493,3.493
26446,3.493,3.493
26447,3.493,3.493
26448,3.493,3.493
26449,3.493,3.493
26450,3.493,3.493
26451,3.493,3.493
26452,3.493,3.493
26453,3.493,3.493
26454,3.493,3.493
26455,3.493,3.493
26456,3.493,3.493
26457,3.493,3.493
26458,3.493,3.493
26459,3.493,3.493
26460,3.493,3.493
26461,3.493,3.493
26462,3.493,3.493
26463,3.493,3.493
26464,3.493,3.493
26465,3.493,3.493
26466,3.493,3.493
26467,3.493,3.493
26468,3.493,3.493
26469,3.493,3.493
26470,3.493,3.493
26471,3.493,3.493
26472,3.493,3.493
26473,3.493,3.493
26474,3.493,3.493
26475,3.493,3.493
26476,3.493,3.493
26477,3.493,3.493
26478,3.493,3.493
26479,3.493,3.493
26480,3.493,3.493
26481,3.493,3.493
26482,3.493,3.493
26483,3.493,3.493
26484,3.493,3.493
26485,3.493,3.493
26486,3.493,3.493
26487,3.493,3.493
26488,3.493,3.493
26489,3.493,3.493
26490,3.493,3.493
26491,3.493,3.493
26492,3.493,3.493
26493,3.493,3.493
26494,3.493,3.493
26495,3.493,3.493
26496,3.493,3.493
26497,3.493,3.493
26498,3.493,3.493
26499,3.493,3.493
26500,3.493,3.493
26501,3.493,3.493
26502,3.493,3.493
26503,3.493,3.493
26504,3.493,3.493
26505,3.493,3.493
26506,3.493,3.493
26507,3.493,3.493
26508,3.493,3.493
26509,3.493,3.493
26510,3.493,3.493
26511,3.493,3.493
26512,3.493,3.493
26513,3.493,3.493
26514,3.493,3.493
26515,3.493,3.493
26516,3.493,3.493
26517,3.493,3.493
26518,3.493,3.493
26519,3.493,3.493
26520,3.493,3.493
26521,3.493,3.493
26522,3.493,3.493
26523,3.493,3.493
26524,3.493,3.493
26525,3.493,3.493
26526,3.493,3.493
26527,3.493,3.493
26528,3.493,3.493
26529,3.493,3.493
26530,3.493,3.493
26531,3.493,3.493
26532,3.493,3.493
26533,3.493,3.493
26534,3.493,3.493
26535,3.493,3.493
26536,3.493,3.493
26537,3.493,3.493
26538,3.493,3.493
26539,3.493,3.493
26540,3.493,3.493
26541,3.493,3.493
26542,3.493,3.493
26543,3.493,3.493
26544,3.493,3.493
26545,3.493,3.493
26546,3.493,3.493
26547,3.493,3.493
26548,3.493,3.493
26549,3.493,3.493
26550,3.493,3.493
26551,3.493,3.493
26552,3.493,3.493
26553,3.493,3.493
26554,3.493,3.493
26555,3.493,3.493
26556,3.493,3.493
26557,3.493,3.493
26558,3.493,3.493
26559,3.493,3.493
26560,3.493,3.493
26561,3.493,3.493
26562,3.493,3.493
26563,3.493,3.493
26564,3.493,3.493
26565,3.493,3.493
26566,3.493,3.493
26567,3.493,3.493
26568,3.493,3.493
26569,3.493,3.493
26570,3.493,3.493
26571,3.493,3.493
26572,3.493,3.493
26573,3.493,3.493
26574,3.493,3.493
26575,3.493,3.493
26576,3.493,3.493
26577,3.493,3.493
26578,3.493,3.493
26579,3.493,3.493
26580,3.493,3.493
26581,3.493,3.493
26582,3.493,3.493
26583,3.493,3.493
26584,3.493,3.493
26585,3.493,3.493
26586,3.493,3.493
26587,3.493,3.493
26588,3.493,3.493
26589,3.493,3.493
26590,3.493,3.493
26591,3.493,3.493
26592,3.493,3.493
26593,3.493,3.493
26594,3.493,3.493
26595,3.493,3.493
26596,3.493,3.493
26597,3.493,3.493
26598,3.493,3.493
26599,3.493,3.493
26600,3.493,3.493
26601,3.493,3.493
26602,3.493,3.493
26603,3.493,3.493
26604,3.493,3.493
26605,3.493,3.493
26606,3.493,3.493
26607,3.493,3.493
26608,3.493,3.493
26609,3.493,3.493
26610,3.493,3.493
26611,3.493,3.493
26612,3.493,3.493
26613,3.493,3.493
26614,3.493,3.493
26615,3.493,3.493
26616,3.493,3.493
26617,3.493,3.493
26618,3.493,3.493
26619,3.493,3.493
26620,3.493,3.493
26621,3.493,3.493
26622,3.493,3.493
26623,3.493,3.493
26624,3.493,3.493
26625,3.493,3.493
26626,3.493,3.493
26627,3.493,3.493
26628,3.493,3.493
26629,3.493,3.493
26630,3.493,3.493
26631,3.493,3.493
26632,3.493,3.493
26633,3.493,3.493
26634,3.493,3.493
26635,3.493,3.493
26636,3.493,3.493
26637,3.493,3.493
26638,3.493,3.493
26639,3.493,3.493
26640,3.493,3.493
26641,3.493,3.493
26642,3.493,3.493
26643,3.493,3.493
26644,3.493,3.493
26645,3.493,3.493
26646,3.493,3.493
26647,3.493,3.493
26648,3.493,3.493
26649,3.493,3.493
26650,3.493,3.493
26651,3.493,3.493
26652,3.493,3.493
26653,3.493,3.493
26654,3.493,3.493
26655,3.493,3.493
26656,3.493,3.493
26657,3.493,3.493
26658,3.493,3.493
26659,3.493,3.493
26660,3.493,3.493
26661,3.493,3.493
26662,3.493,3.493
26663,3.493,3.493
26664,3.493,3.493
26665,3.493,3.493
26666,3.493,3.493
26667,3.493,3.493
26668,3.493,3.493
26669,3.493,3.493
26670,3.493,3.493
26671,3.493,3.493
26672,3.493,3.493
26673,3.493,3.493
26674,3.493,3.493
26675,3.493,3.493
26676,3.493,3.493
26677,3.493,3.493
26678,3.493,3.493
26679,3.493,3.493
26680,3.493,3.493
26681,3.493,3.493
26682,3.493,3.493
26683,3.493,3.493
26684,3.493,3.493
26685,3.493,3.493
26686,3.493,3.493
26687,3.493,3.493
26688,3.493,3.493
26689,3.493,3.493
26690,3.493,3.493
26691,3.493,3.493
26692,3.493,3.493
26693,3.493,3.493
26694,3.493,3.493
26695,3.493,3.493
26696,3.493,3.493
26697,3.493,3.493
26698,3.493,3.493
26699,3.493,3.493
26700,3.493,3.493
26701,3.493,3.493
26702,3.493,3.493
26703,3.493,3.493
26704,3.493,3.493
26705,3.493,3.493
26706,3.493,3.493
26707,3.493,3.493
26708,3.493,3.493
26709,3.493,3.493
26710,3.493,3.493
26711,3.493,3.493
26712,3.493,3.493
26713,3.493,3.493
26714,3.493,3.493
26715,3.493,3.493
26716,3.493,3.493
26717,3.493,3.493
26718,3.493,3.493
26719,3.493,3.493
26720,3.493,3.493
26721,3.493,3.493
26722,3.493,3.493
26723,3.493,3.493
26724,3.493,3.493
26725,3.493,3.493
26726,3.493,3.493
26727,3.493,3.493
26728,3.493,3.493
26729,3.493,3.493
26730,3.493,3.493
26731,3.493,3.493
26732,3.493,3.493
26733,3.493,3.493
26734,3.493,3.493
26735,3.493,3.493
26736,3.493,3.493
26737,3.493,3.493
26738,3.493,3.493
26739,3.493,3.493
26740,3.493,3.493
26741,3.493,3.493
26742,3.493,3.493
26743,3.493,3.493
26744,3.493,3.493
26745,3.493,3.493
26746,3.493,3.493
26747,3.493,3.493
26748,3.493,3.493
26749,3.493,3.493
26750,3.493,3.493
26751,3.493,3.493
26752,3.493,3.493
26753,3.493,3.493
26754,3.493,3.493
26755,3.493,3.493
26756,3.493,3.493
26757,3.493,3.493
26758,3.493,3.493
26759,3.493,3.493
26760,3.493,3.493
26761,3.493,3.493
26762,3.493,3.493
26763,3.493,3.493
26764,3.493,3.493
26765,3.493,3.493
26766,3.493,3.493
26767,3.493,3.493
26768,3.493,3.493
26769,3.493,3.493
26770,3.493,3.493
26771,3.493,3.493
26772,3.493,3.493
26773,3.493,3.493
26774,3.493,3.493
26775,3.493,3.493
26776,3.493,3.493
26777,3.493,3.493
26778,3.493,3.493
26779,3.493,3.493
26780,3.493,3.493
26781,3.493,3.493
26782,3.493,3.493
26783,3.493,3.493
26784,3.493,3.493
26785,3.493,3.493
26786,3.493,3.493
26787,3.493,3.493
26788,3.493,3.493
26789,3.493,3.493
26790,3.493,3.493
26791,3.493,3.493
26792,3.493,3.493
26793,3.493,3.493
26794,3.493,3.493
26795,3.493,3.493
26796,3.493,3.493
26797,3.493,3.493
26798,3.493,3.493
26799,3.493,3.493
26800,3.493,3.493
26801,3.493,3.493
26802,3.493,3.493
26803,3.493,3.493
26804,3.493,3.493
26805,3.493,3.493
26806,3.493,3.493
26807,3.493,3.493
26808,3.493,3.493
26809,3.493,3.493
26810,3.493,3.493
26811,3.493,3.493
26812,3.493,3.493
26813,3.493,3.493
26814,3.493,3.493
26815,3.493,3.493
26816,3.493,3.493
26817,3.493,3.493
26818,3.493,3.493
26819,3.493,3.493
26820,3.493,3.493
26821,3.493,3.493
26822,3.493,3.493
26823,3.493,3.493
26824,3.493,3.493
26825,3.493,3.493
26826,3.493,3.493
26827,3.493,3.493
26828,3.493,3.493
26829,3.493,3.493
26830,3.493,3.493
26831,3.493,3.493
26832,3.493,3.493
26833,3.493,3.493
26834,3.493,3.493
26835,3.493,3.493
26836,3.493,3.493
26837,3.493,3.493
26838,3.493,3.493
26839,3.493,3.493
26840,3.493,3.493
26841,3.493,3.493
26842,3.493,3.493
26843,3.493,3.493
26844,3.493,3.493
26845,3.493,3.493
26846,3.493,3.493
26847,3.493,3.493
26848,3.493,3.493
26849,3.493,3.493
26850,3.493,3.493
26851,3.493,3.493
26852,3.493,3.493
26853,3.493,3.493
26854,3.493,3.493
26855,3.493,3.493
26856,3.493,3.493
26857,3.493,3.493
26858,3.493,3.493
26859,3.493,3.493
26860,3.493,3.493
26861,3.493,3.493
26862,3.493,3.493
26863,3.493,3.493
26864,3.493,3.493
26865,3.493,3.493
26866,3.493,3.493
26867,3.493,3.493
26868,3.493,3.493
26869,3.493,3.493
26870,3.493,3.493
26871,3.493,3.493
26872,3.493,3.493
26873,3.493,3.493
26874,3.493,3.493
26875,3.493,3.493
26876,3.493,3.493
26877,3.493,3.493
26878,3.493,3.493
26879,3.493,3.493
26880,3.493,3.493
26881,3.493,3.493
26882,3.493,3.493
26883,3.493,3.493
26884,3.493,3.493
26885,3.493,3.493
26886,3.493,3.493
26887,3.493,3.493
26888,3.493,3.493
26889,3.493,3.493
26890,3.493,3.493
26891,3.493,3.493
26892,3.493,3.493
26893,3.493,3.493
26894,3.493,3.493
26895,3.493,3.493
26896,3.493,3.493
26897,3.493,3.493
26898,3.493,3.493
26899,3.493,3.493
26900,3.493,3.493
26901,3.493,3.493
26902,3.493,3.493
26903,3.493,3.493
26904,3.493,3.493
26905,3.493,3.493
26906,3.493,3.493
26907,3.493,3.493
26908,3.493,3.493
26909,3.493,3.493
26910,3.493,3.493
26911,3.493,3.493
26912,3.493,3.493
26913,3.493,3.493
26914,3.493,3.493
26915,3.493,3.493
26916,3.493,3.493
26917,3.493,3.493
26918,3.493,3.493
26919,3.493,3.493
26920,3.493,3.493
26921,3.493,3.493
26922,3.493,3.493
26923,3.493,3.493
26924,3.493,3.493
26925,3.493,3.493
26926,3.493,3.493
26927,3.493,3.493
26928,3.493,3.493
26929,3.493,3.493
26930,3.493,3.493
26931,3.493,3.493
26932,3.493,3.493
26933,3.493,3.493
26934,3.493,3.493
26935,3.493,3.493
26936,3.493,3.493
26937,3.493,3.493
26938,3.493,3.493
26939,3.493,3.493
26940,3.493,3.493
26941,3.493,3.493
26942,3.493,3.493
26943,3.493,3.493
26944,3.493,3.493
26945,3.493,3.493
26946,3.493,3.493
26947,3.493,3.493
26948,3.493,3.493
26949,3.493,3.493
26950,3.493,3.493
26951,3.493,3.493
26952,3.493,3.493
26953,3.493,3.493
26954,3.493,3.493
26955,3.493,3.493
26956,3.493,3.493
26957,3.493,3.493
26958,3.493,3.493
26959,3.493,3.493
26960,3.493,3.493
26961,3.493,3.493
26962,3.493,3.493
26963,3.493,3.493
26964,3.493,3.493
26965,3.493,3.493
26966,3.493,3.493
26967,3.493,3.493
26968,3.493,3.493
26969,3.493,3.493
26970,3.493,3.493
26971,3.493,3.493
26972,3.493,3.493
26973,3.493,3.493
26974,3.493,3.493
26975,3.493,3.493
26976,3.493,3.493
26977,3.493,3.493
26978,3.493,3.493
26979,3.493,3.493
26980,3.493,3.493
26981,3.493,3.493
26982,3.493,3.493
26983,3.493,3.493
26984,3.493,3.493
26985,3.493,3.493
26986,3.493,3.493
26987,3.493,3.493
26988,3.493,3.493
26989,3.493,3.493
26990,3.493,3.493
26991,3.493,3.493
26992,3.493,3.493
26993,3.493,3.493
26994,3.493,3.493
26995,3.493,3.493
26996,3.493,3.493
26997,3.493,3.493
26998,3.493,3.493
26999,3.493,3.493
27000,3.493,3.493
27001,3.493,3.493
27002,3.493,3.493
27003,3.493,3.493
27004,3.493,3.493
27005,3.493,3.493
27006,3.493,3.493
27007,3.493,3.493
27008,3.493,3.493
27009,3.493,3.493
27010,3.493,3.493
27011,3.493,3.493
27012,3.493,3.493
27013,3.493,3.493
27014,3.493,3.493
27015,3.493,3.493
27016,3.493,3.493
27017,3.493,3.493
27018,3.493,3.493
27019,3.493,3.493
27020,3.493,3.493
27021,3.493,3.493
27022,3.493,3.493
27023,3.493,3.493
27024,3.493,3.493
27025,3.493,3.493
27026,3.493,3.493
27027,3.493,3.493
27028,3.493,3.493
27029,3.493,3.493
27030,3.493,3.493
27031,3.493,3.493
27032,3.493,3.493
27033,3.493,3.493
27034,3.493,3.493
27035,3.493,3.493
27036,3.493,3.493
27037,3.493,3.493
27038,3.493,3.493
27039,3.493,3.493
27040,3.493,3.493
27041,3.493,3.493
27042,3.493,3.493
27043,3.493,3.493
27044,3.493,3.493
27045,3.493,3.493
27046,3.493,3.493
27047,3.493,3.493
27048,3.493,3.493
27049,3.493,3.493
27050,3.493,3.493
27051,3.493,3.493
27052,3.493,3.493
27053,3.493,3.493
27054,3.493,3.493
27055,3.493,3.493
27056,3.493,3.493
27057,3.493,3.493
27058,3.493,3.493
27059,3.493,3.493
27060,3.493,3.493
27061,3.493,3.493
27062,3.493,3.493
27063,3.493,3.493
27064,3.493,3.493
27065,3.493,3.493
27066,3.493,3.493
27067,3.493,3.493
27068,3.493,3.493
27069,3.493,3.493
27070,3.493,3.493
27071,3.493,3.493
27072,3.493,3.493
27073,3.493,3.493
27074,3.493,3.493
27075,3.493,3.493
27076,3.493,3.493
27077,3.493,3.493
27078,3.493,3.493
27079,3.493,3.493
27080,3.493,3.493
27081,3.493,3.493
27082,3.493,3.493
27083,3.493,3.493
27084,3.493,3.493
27085,3.493,3.493
27086,3.493,3.493
27087,3.493,3.493
27088,3.493,3.493
27089,3.493,3.493
27090,3.493,3.493
27091,3.493,3.493
27092,3.493,3.493
27093,3.493,3.493
27094,3.493,3.493
27095,3.493,3.493
27096,3.493,3.493
27097,3.493,3.493
27098,3.493,3.493
27099,3.493,3.493
27100,3.493,3.493
27101,3.493,3.493
27102,3.493,3.493
27103,3.493,3.493
27104,3.493,3.493
27105,3.493,3.493
27106,3.493,3.493
27107,3.493,3.493
27108,3.493,3.493
27109,3.493,3.493
27110,3.493,3.493
27111,3.493,3.493
27112,3.493,3.493
27113,3.493,3.493
27114,3.493,3.493
27115,3.493,3.493
27116,3.493,3.493
27117,3.493,3.493
27118,3.493,3.493
27119,3.493,3.493
27120,3.493,3.493
27121,3.493,3.493
27122,3.493,3.493
27123,3.493,3.493
27124,3.493,3.493
27125,3.493,3.493
27126,3.493,3.493
27127,3.493,3.493
27128,3.493,3.493
27129,3.493,3.493
27130,3.493,3.493
27131,3.493,3.493
27132,3.493,3.493
27133,3.493,3.493
27134,3.493,3.493
27135,3.493,3.493
27136,3.493,3.493
27137,3.493,3.493
27138,3.493,3.493
27139,3.493,3.493
27140,3.493,3.493
27141,3.493,3.493
27142,3.493,3.493
27143,3.493,3.493
27144,3.493,3.493
27145,3.493,3.493
27146,3.493,3.493
27147,3.493,3.493
27148,3.493,3.493
27149,3.493,3.493
27150,3.493,3.493
27151,3.493,3.493
27152,3.493,3.493
27153,3.493,3.493
27154,3.493,3.493
27155,3.493,3.493
27156,3.493,3.493
27157,3.493,3.493
27158,3.493,3.493
27159,3.493,3.493
27160,3.493,3.493
27161,3.493,3.493
27162,3.493,3.493
27163,3.493,3.493
27164,3.493,3.493
27165,3.493,3.493
27166,3.493,3.493
27167,3.493,3.493
27168,3.493,3.493
27169,3.493,3.493
27170,3.493,3.493
27171,3.493,3.493
27172,3.493,3.493
27173,3.493,3.493
27174,3.493,3.493
27175,3.493,3.493
27176,3.493,3.493
27177,3.493,3.493
27178,3.493,3.493
27179,3.493,3.493
27180,3.493,3.493
27181,3.493,3.493
27182,3.493,3.493
27183,3.493,3.493
27184,3.493,3.493
27185,3.493,3.493
27186,3.493,3.493
27187,3.493,3.493
27188,3.493,3.493
27189,3.493,3.493
27190,3.493,3.493
27191,3.493,3.493
27192,3.493,3.493
27193,3.493,3.493
27194,3.493,3.493
27195,3.493,3.493
27196,3.493,3.493
27197,3.493,3.493
27198,3.493,3.493
27199,3.493,3.493
27200,3.493,3.493
27201,3.493,3.493
27202,3.493,3.493
27203,3.493,3.493
27204,3.493,3.493
27205,3.493,3.493
27206,3.493,3.493
27207,3.493,3.493
27208,3.493,3.493
27209,3.493,3.493
27210,3.493,3.493
27211,3.493,3.493
27212,3.493,3.493
27213,3.493,3.493
27214,3.493,3.493
27215,3.493,3.493
27216,3.493,3.493
27217,3.493,3.493
27218,3.493,3.493
27219,3.493,3.493
27220,3.493,3.493
27221,3.493,3.493
27222,3.493,3.493
27223,3.493,3.493
27224,3.493,3.493
27225,3.493,3.493
27226,3.493,3.493
27227,3.493,3.493
27228,3.493,3.493
27229,3.493,3.493
27230,3.493,3.493
27231,3.493,3.493
27232,3.493,3.493
27233,3.493,3.493
27234,3.493,3.493
27235,3.493,3.493
27236,3.493,3.493
27237,3.493,3.493
27238,3.493,3.493
27239,3.493,3.493
27240,3.493,3.493
27241,3.493,3.493
27242,3.493,3.493
27243,3.493,3.493
27244,3.493,3.493
27245,3.493,3.493
27246,3.493,3.493
27247,3.493,3.493
27248,3.493,3.493
27249,3.493,3.493
27250,3.493,3.493
27251,3.493,3.493
27252,3.493,3.493
27253,3.493,3.493
27254,3.493,3.493
27255,3.493,3.493
27256,3.493,3.493
27257,3.493,3.493
27258,3.493,3.493
27259,3.493,3.493
27260,3.493,3.493
27261,3.493,3.493
27262,3.493,3.493
27263,3.493,3.493
27264,3.493,3.493
27265,3.493,3.493
27266,3.493,3.493
27267,3.493,3.493
27268,3.493,3.493
27269,3.493,3.493
27270,3.493,3.493
27271,3.493,3.493
27272,3.493,3.493
27273,3.493,3.493
27274,3.493,3.493
27275,3.493,3.493
27276,3.493,3.493
27277,3.493,3.493
27278,3.493,3.493
27279,3.493,3.493
27280,3.493,3.493
27281,3.493,3.493
27282,3.493,3.493
27283,3.493,3.493
27284,3.493,3.493
27285,3.493,3.493
27286,3.493,3.493
27287,3.493,3.493
27288,3.493,3.493
27289,3.493,3.493
27290,3.493,3.493
27291,3.493,3.493
27292,3.493,3.493
27293,3.493,3.493
27294,3.493,3.493
27295,3.493,3.493
27296,3.493,3.493
27297,3.493,3.493
27298,3.493,3.493
27299,3.493,3.493
27300,3.493,3.493
27301,3.493,3.493
27302,3.493,3.493
27303,3.493,3.493
27304,3.493,3.493
27305,3.493,3.493
27306,3.493,3.493
27307,3.493,3.493
27308,3.493,3.493
27309,3.493,3.493
27310,3.493,3.493
27311,3.493,3.493
27312,3.493,3.493
27313,3.493,3.493
27314,3.493,3.493
27315,3.493,3.493
27316,3.493,3.493
27317,3.493,3.493
27318,3.493,3.493
27319,3.493,3.493
27320,3.493,3.493
27321,3.493,3.493
27322,3.493,3.493
27323,3.493,3.493
27324,3.493,3.493
27325,3.493,3.493
27326,3.493,3.493
27327,3.493,3.493
27328,3.493,3.493
27329,3.493,3.493
27330,3.493,3.493
27331,3.493,3.493
27332,3.493,3.493
27333,3.493,3.493
27334,3.493,3.493
27335,3.493,3.493
27336,3.493,3.493
27337,3.493,3.493
27338,3.493,3.493
27339,3.493,3.493
27340,3.493,3.493
27341,3.493,3.493
27342,3.493,3.493
27343,3.493,3.493
27344,3.493,3.493
27345,3.493,3.493
27346,3.493,3.493
27347,3.493,3.493
27348,3.493,3.493
27349,3.493,3.493
27350,3.493,3.493
27351,3.493,3.493
27352,3.493,3.493
27353,3.493,3.493
27354,3.493,3.493
27355,3.493,3.493
27356,3.493,3.493
27357,3.493,3.493
27358,3.493,3.493
27359,3.493,3.493
27360,3.493,3.493
27361,3.493,3.493
27362,3.493,3.493
27363,3.493,3.493
27364,3.493,3.493
27365,3.493,3.493
27366,3.493,3.493
27367,3.493,3.493
27368,3.493,3.493
27369,3.493,3.493
